Time (s),Total E x (V/m),Total E y (V/m),Total E z (V/m)
0,0,0,0
1.54066648e-10,0,0,0
3.08133297e-10,0,0,0
4.62199973e-10,0,0,0
6.16266593e-10,0,0,0
7.70333297e-10,0,0,0
9.24399945e-10,0,0,0
1.07846654e-09,0,0,0
1.23253319e-09,0,0,0
1.38659983e-09,0,0,0
1.54066659e-09,0,0,0
1.69473324e-09,0,0,0
1.84879989e-09,0,0,0
2.00286654e-09,0,0,0
2.15693308e-09,0,0,0
2.31099984e-09,0,0,0
2.46506637e-09,0,0,0
2.61913313e-09,0,0,0
2.77319967e-09,0,0,0
2.92726643e-09,0,0,0
3.08133319e-09,0,0,0
3.23539973e-09,0,0,0
3.38946649e-09,0,0,0
3.54353302e-09,0,0,0
3.69759978e-09,0,0,0
3.85166654e-09,0,0,0
4.00573308e-09,0,0,0
4.15979962e-09,0,0,0
4.31386615e-09,0,0,0
4.46793313e-09,0,0,0
4.62199967e-09,0,0,0
4.77606621e-09,0,0,0
4.93013275e-09,0,0,0
5.08419973e-09,0,0,0
5.23826627e-09,0,0,0
5.3923328e-09,0,0,0
5.54639934e-09,0,0,0
5.70046632e-09,0,0,0
5.85453286e-09,0,0,0
6.0085994e-09,0,0,0
6.16266638e-09,0,0,0
6.31673291e-09,0,0,0
6.47079945e-09,0,0,0
6.62486599e-09,0,0,0
6.77893297e-09,0,0,0
6.93299951e-09,0,0,0
7.08706605e-09,0,0,0
7.24113258e-09,0,0,0
7.39519956e-09,0,0,0
7.5492661e-09,0,0,0
7.70333308e-09,0,0,0
7.85739918e-09,0,0,0
8.01146616e-09,0,0,0
8.16553225e-09,0,0,0
8.31959923e-09,0,0,0
8.47366621e-09,0,0,0
8.62773231e-09,0,0,0
8.78179929e-09,0,0,0
8.93586627e-09,0,0,0
9.08993236e-09,0,0,0
9.24399934e-09,0,0,0
9.39806633e-09,0,0,0
9.55213242e-09,0,0,0
9.7061994e-09,0,0,0
9.86026549e-09,0,0,0
1.00143325e-08,0,0,0
1.01683995e-08,0,0,0
1.03224655e-08,0,0,0
1.04765325e-08,0,0,0
1.06305995e-08,0,0,0
1.07846656e-08,0,0,0
1.09387326e-08,0,0,0
1.10927987e-08,0,0,0
1.12468657e-08,0,0,0
1.14009326e-08,0,0,0
1.15549987e-08,0,0,0
1.17090657e-08,0,0,0
1.18631327e-08,0,0,0
1.20171988e-08,0,0,0
1.21712658e-08,0,0,0
1.23253328e-08,0,0,0
1.24793988e-08,0,0,0
1.26334658e-08,0,0,0
1.27875319e-08,0,0,0
1.29415989e-08,0,0,0
1.30956659e-08,0,0,0
1.3249732e-08,0,0,0
1.3403799e-08,0,0,0
1.35578659e-08,0,0,0
1.3711932e-08,0,0,0
1.3865999e-08,0,0,0
1.40200651e-08,0,0,0
1.41741321e-08,0,0,0
1.43281991e-08,0,0,0
1.44822652e-08,0,0,0
1.46363321e-08,0,0,0
1.47903991e-08,0,0,0
1.49444652e-08,0,0,0
1.50985322e-08,0,0,0
1.52525992e-08,0,0,0
1.54066662e-08,0,0,0
1.55607314e-08,0,0,0
1.57147984e-08,0,0,0
1.58688653e-08,0,0,0
1.60229323e-08,0,0,0
1.61769993e-08,0,0,0
1.63310645e-08,0,0,0
1.64851315e-08,0,0,0
1.66391985e-08,0,0,0
1.67932654e-08,0,0,0
1.69473324e-08,0,0,0
1.71013994e-08,0,0,0
1.72554646e-08,0,0,0
1.74095316e-08,0,0,0
1.75635986e-08,0,0,0
1.77176656e-08,0,0,0
1.78717325e-08,0,0,0
1.80257977e-08,0,0,0
1.81798647e-08,0,0,0
1.83339317e-08,0,0,0
1.84879987e-08,0,0,0
1.86420657e-08,0,0,0
1.87961327e-08,0,0,0
1.89501979e-08,0,0,0
1.91042648e-08,0,0,0
1.92583318e-08,0,0,0
1.94123988e-08,0,0,0
1.95664658e-08,0,0,0
1.9720531e-08,0,0,0
1.9874598e-08,0,0,0
2.00286649e-08,0,0,0
2.01827319e-08,0,0,0
2.03367989e-08,0,0,0
2.04908659e-08,0,0,0
2.06449311e-08,0,0,0
2.07989981e-08,0,0,0
2.09530651e-08,0,0,0
2.1107132e-08,0,0,0
2.1261199e-08,0,0,0
2.14152642e-08,0,0,0
2.15693312e-08,0,0,0
2.17233982e-08,0,0,0
2.18774652e-08,0,0,0
2.20315322e-08,0,0,0
2.21855974e-08,0,0,0
2.23396643e-08,0,0,0
2.24937313e-08,0,0,0
2.26477983e-08,0,0,0
2.28018653e-08,0,0,0
2.29559323e-08,0,0,0
2.31099975e-08,0,0,0
2.32640645e-08,0,0,0
2.34181314e-08,0,0,0
2.35721984e-08,0,0,0
2.37262654e-08,0,0,0
2.38803306e-08,0,0,0
2.40343976e-08,0,0,0
2.41884646e-08,0,0,0
2.43425315e-08,0,0,0
2.44965985e-08,0,0,0
2.46506655e-08,0,0,0
2.48047307e-08,0,0,0
2.49587977e-08,0,0,0
2.51128647e-08,0,0,0
2.52669317e-08,0,0,0
2.54209986e-08,0,0,0
2.55750638e-08,0,0,0
2.57291308e-08,0,0,0
2.58831978e-08,0,0,0
2.60372648e-08,0,0,0
2.61913318e-08,0,0,0
2.63453988e-08,0,0,0
2.6499464e-08,0,0,0
2.66535309e-08,0,0,0
2.68075979e-08,0,0,0
2.69616649e-08,0,0,0
2.71157319e-08,0,0,0
2.72697971e-08,0,0,0
2.74238641e-08,0,0,0
2.7577931e-08,0,0,0
2.7731998e-08,0,0,0
2.7886065e-08,0,0,0
2.80401302e-08,0,0,0
2.81941972e-08,0,0,0
2.83482642e-08,0,0,0
2.85023312e-08,0,0,0
2.86563981e-08,0,0,0
2.88104651e-08,0,0,0
2.89645303e-08,0,0,0
2.91185973e-08,0,0,0
2.92726643e-08,0,0,0
2.94267313e-08,0,0,0
2.95807983e-08,0,0,0
2.97348635e-08,0,0,0
2.98889304e-08,0,0,0
3.00429974e-08,0,0,0
3.01970644e-08,0,0,0
3.03511314e-08,0,0,0
3.05051984e-08,0,0,0
3.06592653e-08,0,0,0
3.08133323e-08,0,0,0
3.09673958e-08,0,0,0
3.11214627e-08,0,0,0
3.12755297e-08,0,0,0
3.14295967e-08,0,0,0
3.15836637e-08,0,0,0
3.17377307e-08,0,0,0
3.18917976e-08,0,0,0
3.20458646e-08,0,0,0
3.21999316e-08,0,0,0
3.23539986e-08,0,0,0
3.25080656e-08,0,0,0
3.2662129e-08,0,0,0
3.2816196e-08,0,0,0
3.2970263e-08,0,0,0
3.31243299e-08,0,0,0
3.32783969e-08,0,0,0
3.34324639e-08,0,0,0
3.35865309e-08,0,0,0
3.37405979e-08,0,0,0
3.38946649e-08,0,0,0
3.40487318e-08,0,0,0
3.42027988e-08,0,0,0
3.43568622e-08,0,0,0
3.45109292e-08,0,0,0
3.46649962e-08,0,0,0
3.48190632e-08,0,0,0
3.49731302e-08,0,0,0
3.51271972e-08,0,0,0
3.52812641e-08,0,0,0
3.54353311e-08,0,0,0
3.55893981e-08,0,0,0
3.57434651e-08,0,0,0
3.58975321e-08,0,0,0
3.60515955e-08,0,0,0
3.62056625e-08,0,0,0
3.63597294e-08,0,0,0
3.65137964e-08,0,0,0
3.66678634e-08,0,0,0
3.68219304e-08,0,0,0
3.69759974e-08,0,0,0
3.71300644e-08,0,0,0
3.72841313e-08,0,0,0
3.74381983e-08,0,0,0
3.75922653e-08,0,0,0
3.77463287e-08,0,0,0
3.79003957e-08,0,0,0
3.80544627e-08,0,0,0
3.82085297e-08,0,0,0
3.83625967e-08,0,0,0
3.85166636e-08,0,0,0
3.86707306e-08,0,0,0
3.88247976e-08,0,0,0
3.89788646e-08,0,0,0
3.91329316e-08,0,0,0
3.92869985e-08,0,0,0
3.9441062e-08,0,0,0
3.9595129e-08,0,0,0
3.97491959e-08,0,0,0
3.99032629e-08,0,0,0
4.00573299e-08,0,0,0
4.02113969e-08,0,0,0
4.03654639e-08,0,0,0
4.05195308e-08,0,0,0
4.06735978e-08,0,0,0
4.08276648e-08,0,0,0
4.09817318e-08,0,0,0
4.11357952e-08,0,0,0
4.12898622e-08,0,0,0
4.14439292e-08,0,0,0
4.15979962e-08,0,0,0
4.17520631e-08,0,0,0
4.19061301e-08,0,0,0
4.20601971e-08,0,0,0
4.22142641e-08,0,0,0
4.23683311e-08,0,0,0
4.2522398e-08,0,0,0
4.26764615e-08,0,0,-5.03446437e-35
4.28305285e-08,-8.39173249e-36,2.99914893e-36,-2.73372342e-33
4.29845954e-08,-3.05258985e-34,1.10512724e-34,-9.61984257e-32
4.31386624e-08,-1.03956371e-32,3.25243932e-33,-3.08042357e-30
4.32927294e-08,-3.103338e-31,9.6718723e-32,-9.00174059e-29
4.34467964e-08,-8.44259678e-30,2.63549144e-30,-2.3984557e-27
4.36008634e-08,-2.09277855e-28,6.55070404e-29,-5.82016091e-26
4.37549303e-08,-4.72101243e-27,1.48351784e-27,-1.28469943e-24
4.39089973e-08,-9.67871687e-26,3.05786368e-26,-2.57603586e-23
4.40630643e-08,-1.80072253e-24,5.72926897e-25,-4.6855455e-22
4.42171313e-08,-3.03557463e-23,9.74575092e-24,-7.71885366e-21
4.43711947e-08,-4.62882173e-22,1.50303713e-22,-1.14976451e-19
4.45252617e-08,-6.37335069e-21,2.09872927e-21,-1.54583409e-18
4.46793287e-08,-7.90913266e-20,2.6494679e-20,-1.87245335e-17
4.48333957e-08,-8.82841286e-19,3.01945584e-19,-2.03950327e-16
4.49874626e-08,-8.84698782e-18,3.10210183e-18,-1.99375737e-15
4.51415296e-08,-7.94396864e-17,2.86917191e-17,-1.7460683e-14
4.52955966e-08,-6.38026773e-16,2.38626492e-16,-1.36772321e-13
4.54496636e-08,-4.5776642e-15,1.78320002e-15,-9.57172926e-13
4.56037306e-08,-2.93216277e-14,1.19689228e-14,-5.98265317e-12
4.57577976e-08,-1.67767127e-13,7.21994486e-14,-3.34289055e-11
4.59118645e-08,-8.59481757e-13,3.9206507e-13,-1.67458727e-10
4.6065928e-08,-3.96126274e-12,1.92292081e-12,-7.56063545e-10
4.62199949e-08,-1.65486548e-11,8.56195843e-12,-3.10143156e-09
4.63740619e-08,-6.32913652e-11,3.48537831e-11,-1.16764411e-08
4.65281289e-08,-2.23965846e-10,1.30803285e-10,-4.07627354e-08
4.66821959e-08,-7.3958395e-10,4.56299776e-10,-1.32975956e-07
4.68362629e-08,-2.28885733e-09,1.48889667e-09,-4.06691328e-07
4.69903298e-08,-6.63665034e-09,4.55842297e-09,-1.16516969e-06
4.71443968e-08,-1.79803532e-08,1.30930022e-08,-3.11832241e-06
4.72984638e-08,-4.53739126e-08,3.52011575e-08,-7.77243804e-06
4.74525308e-08,-1.06344672e-07,8.83290951e-08,-1.79923372e-05
4.76065978e-08,-2.30748981e-07,2.06221912e-07,-3.85595049e-05
4.77606612e-08,-4.61587604e-07,4.46424878e-07,-7.61847114e-05
4.79147282e-08,-8.46411297e-07,8.92079868e-07,-0.000137994575
4.80687952e-08,-1.4114986e-06,1.63536697e-06,-0.000227389915
4.82228621e-08,-2.11541465e-06,2.7259066e-06,-0.000337028527
4.83769291e-08,-2.79336837e-06,4.07455445e-06,-0.000441105192
4.85309961e-08,-3.12731163e-06,5.33092589e-06,-0.000492558815
4.86850631e-08,-2.69275847e-06,5.80269307e-06,-0.000432694447
4.88391301e-08,-1.11657585e-06,4.5309198e-06,-0.000217131746
4.89931971e-08,1.68604765e-06,6.20504011e-07,0.000148855048
4.9147264e-08,5.31899241e-06,-6.19418461e-06,0.000586075825
4.9301331e-08,8.91810396e-06,-1.49774396e-05,0.000953108538
4.94553944e-08,1.14451168e-05,-2.34146119e-05,0.00110330631
4.96094614e-08,1.21306839e-05,-2.83539466e-05,0.000964244769
4.97635284e-08,1.07665946e-05,-2.70182645e-05,0.00059013773
4.99175954e-08,7.60586772e-06,-1.83364755e-05,0.000144110905
5.00716624e-08,2.95744439e-06,-3.63720005e-06,-0.00018853927
5.02257294e-08,-3.09516827e-06,1.3724235e-05,-0.000303204433
5.03797963e-08,-1.0429033e-05,2.95492664e-05,-0.000226535936
5.05338633e-08,-1.81382929e-05,4.00869721e-05,-8.35276805e-05
5.06879303e-08,-2.39971432e-05,4.29017855e-05,-9.81086123e-06
5.08419973e-08,-2.49559362e-05,3.73029143e-05,-7.13559566e-05
5.09960643e-08,-1.88241447e-05,2.45720148e-05,-0.000238375709
5.11501277e-08,-6.21604977e-06,7.92144237e-06,-0.00041679779
5.13041947e-08,8.76601371e-06,-8.2286133e-06,-0.000507117773
5.14582617e-08,2.00653194e-05,-1.978812e-05,-0.000455209782
5.16123286e-08,2.28401841e-05,-2.46800009e-05,-0.000274046557
5.17663956e-08,1.63170844e-05,-2.35236403e-05,-3.24862485e-05
5.19204626e-08,4.33969535e-06,-1.87561818e-05,0.000180041679
5.20745296e-08,-6.8618906e-06,-1.28557294e-05,0.000295312057
5.22285966e-08,-1.22024603e-05,-7.08866037e-06,0.000294010708
5.23826635e-08,-1.02475879e-05,-1.68359247e-06,0.000206041208
5.25367305e-08,-3.26646477e-06,3.00491683e-06,8.63437817e-05
5.26907975e-08,4.77218009e-06,5.71312694e-06,-1.62454598e-05
5.28448609e-08,1.05998342e-05,4.8646466e-06,-7.80114133e-05
5.29989279e-08,1.29081709e-05,1.33935998e-07,-9.99854674e-05
5.31529949e-08,1.20829045e-05,-6.54970972e-06,-9.52237315e-05
5.33070619e-08,9.13692384e-06,-1.17761001e-05,-7.62062118e-05
5.34611289e-08,4.87717398e-06,-1.28319116e-05,-4.97715191e-05
5.36151958e-08,-1.78929724e-07,-9.48463912e-06,-1.89533184e-05
5.37692628e-08,-5.40759265e-06,-3.79312678e-06,1.30587887e-05
5.39233298e-08,-9.86089708e-06,1.83015186e-06,4.0824023e-05
5.40773968e-08,-1.25460583e-05,6.43591966e-06,5.76912862e-05
5.42314638e-08,-1.29319769e-05,1.05184463e-05,5.90910167e-05
5.43855272e-08,-1.11311138e-05,1.43757561e-05,4.5821751e-05
5.45395942e-08,-7.6283668e-06,1.67667677e-05,2.46367599e-05
5.46936612e-08,-2.93411631e-06,1.55328289e-05,4.7829044e-06
5.48477281e-08,2.42211581e-06,9.74861905e-06,-7.68813425e-06
5.50017951e-08,7.65953337e-06,1.28779607e-06,-1.35717337e-05
5.51558621e-08,1.17093959e-05,-5.9012491e-06,-1.88511403e-05
5.53099291e-08,1.35674763e-05,-8.35679566e-06,-2.87571875e-05
5.54639961e-08,1.27345456e-05,-5.38689073e-06,-4.24931022e-05
5.5618063e-08,9.37039113e-06,6.51387211e-07,-5.30796679e-05
5.577213e-08,4.14834813e-06,5.9891554e-06,-5.23702038e-05
5.5926197e-08,-1.93896517e-06,7.55167048e-06,-3.70291964e-05
5.60802604e-08,-7.7183804e-06,4.24721293e-06,-1.10066412e-05
5.62343274e-08,-1.20598434e-05,-2.85185047e-06,1.66568097e-05
5.63883944e-08,-1.42253002e-05,-1.10984347e-05,3.64590924e-05
5.65424614e-08,-1.40824714e-05,-1.73129138e-05,4.26020633e-05
5.66965284e-08,-1.19154156e-05,-1.90364899e-05,3.51719646e-05
5.68505953e-08,-7.98802739e-06,-1.55232246e-05,2.0140038e-05
5.70046623e-08,-2.37816221e-06,-7.91200546e-06,7.06989749e-06
5.71587293e-08,4.59951025e-06,1.49311199e-06,4.46720787e-06
5.73127963e-08,1.17210557e-05,1.02213971e-05,1.42127255e-05
5.74668633e-08,1.67262078e-05,1.62006945e-05,2.86597715e-05
5.76209302e-08,1.7215445e-05,1.78501305e-05,3.38763602e-05
5.77749937e-08,1.21736866e-05,1.4293264e-05,1.86619345e-05
5.79290607e-08,3.05080357e-06,6.07756283e-06,-1.62942215e-05
5.80831276e-08,-6.51045139e-06,-4.12961072e-06,-5.64382899e-05
5.82371946e-08,-1.23097416e-05,-1.19459992e-05,-8.12830694e-05
5.83912616e-08,-1.16844494e-05,-1.32420564e-05,-7.71586128e-05
5.85453286e-08,-4.88860724e-06,-6.72019814e-06,-4.55144145e-05
5.86993956e-08,4.9481182e-06,4.75293109e-06,-9.8134069e-07
5.88534625e-08,1.31947963e-05,1.53216861e-05,3.84113227e-05
5.90075295e-08,1.57627055e-05,1.93401484e-05,6.08515875e-05
5.91615965e-08,1.09439752e-05,1.46007769e-05,6.38395504e-05
5.93156635e-08,2.9947671e-07,3.54287749e-06,5.10105456e-05
5.94697269e-08,-1.18388307e-05,-8.24230392e-06,2.78320149e-05
5.96237939e-08,-2.01916646e-05,-1.5179894e-05,1.98852604e-07
5.97778609e-08,-2.10180297e-05,-1.46424263e-05,-2.48499709e-05
5.99319279e-08,-1.4066869e-05,-8.074162e-06,-3.97955082e-05
6.00859948e-08,-2.81219718e-06,1.15657087e-07,-3.994894e-05
6.02400618e-08,7.38686731e-06,5.11308372e-06,-2.65941435e-05
6.03941288e-08,1.22604979e-05,4.28890007e-06,-6.38517577e-06
6.05481958e-08,1.08860568e-05,-1.52605105e-06,1.29894042e-05
6.07022628e-08,5.72156523e-06,-8.68798907e-06,2.70240453e-05
6.08563298e-08,4.92329207e-07,-1.28918364e-05,3.48689937e-05
6.10103967e-08,-2.38647203e-06,-1.15816902e-05,3.64692169e-05
6.11644637e-08,-2.907424e-06,-5.25091582e-06,3.00882293e-05
6.13185307e-08,-2.52290329e-06,3.04011473e-06,1.32638324e-05
6.14725977e-08,-2.32631123e-06,9.52012215e-06,-1.34616257e-05
6.16266647e-08,-2.09311247e-06,1.17263726e-05,-4.36011906e-05
6.17807316e-08,-8.66871517e-07,9.53580366e-06,-6.57288983e-05
6.19347915e-08,1.71210547e-06,4.7991457e-06,-6.85702762e-05
6.20888585e-08,4.68278722e-06,1.86204261e-08,-4.72587271e-05
6.22429255e-08,6.26108522e-06,-3.04081914e-06,-6.91831383e-06
6.23969925e-08,5.08061021e-06,-4.04057846e-06,3.86654428e-05
6.25510594e-08,1.19708193e-06,-3.76184653e-06,7.27121296e-05
6.27051264e-08,-3.77490846e-06,-3.12543239e-06,8.25551251e-05
6.28591934e-08,-7.40324094e-06,-2.28736349e-06,6.47451961e-05
6.30132604e-08,-7.61838555e-06,-5.39317227e-07,2.60049601e-05
6.31673274e-08,-3.77522656e-06,2.85923124e-06,-1.99688329e-05
6.33213944e-08,2.9106061e-06,7.60747798e-06,-5.80248998e-05
6.34754613e-08,9.8116725e-06,1.2023138e-05,-7.69222534e-05
6.36295283e-08,1.40662723e-05,1.38622108e-05,-7.2548035e-05
6.37835953e-08,1.38865962e-05,1.17247791e-05,-4.82018258e-05
6.39376623e-08,9.29770067e-06,5.95727988e-06,-1.24190219e-05
6.40917293e-08,1.96047972e-06,-1.60303421e-06,2.43632367e-05
6.42457962e-08,-5.71657256e-06,-8.73010958e-06,5.28938544e-05
6.43998632e-08,-1.16148276e-05,-1.38448759e-05,6.70942027e-05
6.45539302e-08,-1.45787681e-05,-1.63044042e-05,6.4853135e-05
6.47079972e-08,-1.45222994e-05,-1.60220334e-05,4.80203671e-05
6.48620642e-08,-1.21016174e-05,-1.30630915e-05,2.18866062e-05
6.50161311e-08,-8.26318865e-06,-7.71648229e-06,-5.94819721e-06
6.51701981e-08,-3.92087213e-06,-9.12508938e-07,-2.75491384e-05
6.5324258e-08,1.86534805e-07,5.63363483e-06,-3.72450195e-05
6.5478325e-08,3.55026509e-06,9.98399264e-06,-3.38918508e-05
6.5632392e-08,5.91898106e-06,1.09897783e-05,-2.14985539e-05
6.57864589e-08,7.27296856e-06,8.9840305e-06,-7.48390903e-06
6.59405259e-08,7.71630948e-06,5.57177054e-06,8.67616109e-07
6.60945929e-08,7.36831544e-06,2.65268841e-06,-2.09287805e-08
6.62486599e-08,6.36927507e-06,1.38810549e-06,-8.40650227e-06
6.64027269e-08,4.97359451e-06,1.75860453e-06,-1.84581422e-05
6.65567939e-08,3.56852797e-06,2.85129749e-06,-2.3603905e-05
6.67108608e-08,2.48904507e-06,3.50730147e-06,-2.00277755e-05
6.68649278e-08,1.74810498e-06,2.88688784e-06,-8.39178028e-06
6.70189948e-08,9.53995482e-07,7.38644758e-07,7.00663804e-06
6.71730618e-08,-4.03632583e-07,-2.56352178e-06,2.0877198e-05
6.73271288e-08,-2.45292813e-06,-6.09073231e-06,2.96361286e-05
6.74811957e-08,-4.61418131e-06,-8.54616792e-06,3.25206202e-05
6.76352627e-08,-5.80099731e-06,-8.68159532e-06,3.06878101e-05
6.77893297e-08,-5.12337283e-06,-5.93971845e-06,2.53164799e-05
6.79433967e-08,-2.64658865e-06,-1.02934996e-06,1.64207777e-05
6.80974637e-08,3.76233743e-07,4.04460161e-06,3.42749445e-06
6.82515306e-08,2.08656343e-06,6.77891785e-06,-1.29991931e-05
6.84055976e-08,1.12564317e-06,5.51596213e-06,-2.95557838e-05
6.85596646e-08,-2.45177944e-06,5.34999572e-07,-4.08427295e-05
6.87137245e-08,-7.09553524e-06,-5.91380694e-06,-4.19267417e-05
6.88677915e-08,-1.05813006e-05,-1.07728556e-05,-3.13997407e-05
6.90218585e-08,-1.11574109e-05,-1.1810982e-05,-1.27729609e-05
6.91759254e-08,-8.26774885e-06,-8.64346748e-06,7.00515648e-06
6.93299924e-08,-2.52841846e-06,-2.56622661e-06,2.11888037e-05
6.94840594e-08,4.73131058e-06,4.4321805e-06,2.66893603e-05
6.96381264e-08,1.18620228e-05,1.06028738e-05,2.50117428e-05
6.97921934e-08,1.70760432e-05,1.4748799e-05,2.01948915e-05
6.99462603e-08,1.87184924e-05,1.60823129e-05,1.55045273e-05
7.01003273e-08,1.58704588e-05,1.416741e-05,1.14200247e-05
7.02543943e-08,9.03083674e-06,9.18627211e-06,6.17257501e-06
7.04084613e-08,2.53566213e-07,2.23088182e-06,-2.03207264e-06
7.05625283e-08,-7.59607201e-06,-4.83257691e-06,-1.3039672e-05
7.07165952e-08,-1.21079929e-05,-1.00152392e-05,-2.43750546e-05
7.08706622e-08,-1.23306054e-05,-1.20061204e-05,-3.23908789e-05
7.10247292e-08,-8.96202619e-06,-1.06542111e-05,-3.39604812e-05
7.11787962e-08,-3.79528797e-06,-6.92304684e-06,-2.77662602e-05
7.13328632e-08,1.12163184e-06,-2.42854867e-06,-1.47320461e-05
7.14869302e-08,4.20764673e-06,1.21465678e-06,2.36576284e-06
7.16409971e-08,4.79942855e-06,3.02304488e-06,1.98061425e-05
7.17950641e-08,3.28648457e-06,3.01837213e-06,3.39100952e-05
7.1949124e-08,8.55580538e-07,2.12049463e-06,4.17596602e-05
7.2103191e-08,-1.13855469e-06,1.5105561e-06,4.16626135e-05
7.2257258e-08,-1.90021797e-06,1.8134092e-06,3.36126141e-05
7.24113249e-08,-1.54256088e-06,2.68756708e-06,1.9728981e-05
7.25653919e-08,-7.98323754e-07,3.19489573e-06,4.08819687e-06
7.27194589e-08,-3.40565805e-07,2.65988092e-06,-8.66939445e-06
7.28735259e-08,-3.10836043e-07,1.23992209e-06,-1.56063688e-05
7.30275929e-08,-4.51846489e-07,-3.47650939e-07,-1.70975145e-05
7.31816598e-08,-6.29697752e-07,-1.66628081e-06,-1.62869983e-05
7.33357268e-08,-1.14297336e-06,-3.07395021e-06,-1.65098536e-05
7.34897938e-08,-2.44307898e-06,-5.28451301e-06,-1.86052002e-05
7.36438608e-08,-4.52265613e-06,-8.31213219e-06,-2.03385553e-05
7.37979278e-08,-6.58358886e-06,-1.08495351e-05,-1.84549335e-05
7.39519948e-08,-7.35525737e-06,-1.08339364e-05,-1.16624542e-05
7.41060617e-08,-5.8468836e-06,-6.91240848e-06,-2.0126281e-06
7.42601287e-08,-1.96555175e-06,3.31840511e-07,6.53216512e-06
7.44141957e-08,3.38830432e-06,8.38610777e-06,1.11693307e-05
7.45682627e-08,8.71539942e-06,1.41043893e-05,1.23151422e-05
7.47223297e-08,1.2492822e-05,1.54072313e-05,1.27769918e-05
7.48763966e-08,1.36531962e-05,1.2284082e-05,1.4664035e-05
7.50304636e-08,1.18893277e-05,6.58013414e-06,1.67379421e-05
7.51845306e-08,7.76994057e-06,8.70162751e-07,1.47759456e-05
7.53385905e-08,2.60419847e-06,-2.81231951e-06,5.07764162e-06
7.54926575e-08,-2.01331773e-06,-3.74230171e-06,-1.15097737e-05
7.56467244e-08,-4.87890384e-06,-2.55719578e-06,-2.84339621e-05
7.58007914e-08,-5.73669013e-06,-7.42788473e-07,-3.660531e-05
7.59548584e-08,-5.33773346e-06,1.48072957e-07,-3.00902939e-05
7.61089254e-08,-4.91156925e-06,-7.67992333e-07,-1.04049177e-05
7.62629924e-08,-5.35477284e-06,-3.30603939e-06,1.37667184e-05
7.64170593e-08,-6.64187792e-06,-6.33501122e-06,3.15005491e-05
7.65711263e-08,-7.80718528e-06,-8.36727668e-06,3.5941277e-05
7.67251933e-08,-7.50212712e-06,-8.30478166e-06,2.77322142e-05
7.68792603e-08,-4.82597534e-06,-5.94135508e-06,1.33995891e-05
7.70333273e-08,7.33064098e-09,-2.00056957e-06,2.15384716e-07
7.71873943e-08,5.55716088e-06,2.25090753e-06,-8.48092805e-06
7.73414612e-08,9.74419254e-06,5.56276291e-06,-1.41304299e-05
7.74955282e-08,1.08895465e-05,7.15878014e-06,-1.98082325e-05
7.76495952e-08,8.60526598e-06,6.90955676e-06,-2.61306086e-05
7.78036622e-08,3.96351061e-06,5.20839649e-06,-2.98819923e-05
7.79577292e-08,-1.16046613e-06,2.69221891e-06,-2.65189065e-05
7.81117961e-08,-5.07332516e-06,1.48651225e-08,-1.42448253e-05
7.82658631e-08,-6.89481112e-06,-2.23262191e-06,3.99381861e-06
7.84199301e-08,-6.5498034e-06,-3.53341193e-06,2.22106537e-05
7.85739971e-08,-4.41658176e-06,-3.53095152e-06,3.49973634e-05
7.8728057e-08,-1.11396071e-06,-2.22004633e-06,3.98636475e-05
7.88821239e-08,2.44501575e-06,-8.13431882e-08,3.69022564e-05
7.90361909e-08,5.06113201e-06,2.02964225e-06,2.72057041e-05
7.91902579e-08,5.64290758e-06,3.24288271e-06,1.22486163e-05
7.93443249e-08,3.84192663e-06,3.06940501e-06,-5.35275421e-06
7.94983919e-08,3.88061494e-07,1.55976784e-06,-2.12999967e-05
7.96524589e-08,-3.2291041e-06,-8.11509835e-07,-3.08218696e-05
7.98065258e-08,-5.51055291e-06,-3.33455159e-06,-3.11717231e-05
7.99605928e-08,-5.55552606e-06,-5.13890018e-06,-2.34227555e-05
8.01146598e-08,-3.22131655e-06,-5.25976066e-06,-1.20028217e-05
8.02687268e-08,9.47610772e-07,-2.98469627e-06,-2.27256328e-06
8.04227938e-08,5.69961367e-06,1.465732e-06,2.15890282e-06
8.05768607e-08,9.10662857e-06,6.44009378e-06,8.56077349e-07
8.07309277e-08,9.1386828e-06,9.28024565e-06,-3.66446238e-06
8.08849947e-08,4.88828982e-06,7.82165898e-06,-7.26440521e-06
8.10390617e-08,-2.34189702e-06,2.0720538e-06,-5.98386669e-06
8.11931287e-08,-9.21776154e-06,-5.31045498e-06,2.08439997e-06
8.13471956e-08,-1.2125146e-05,-1.03932607e-05,1.53615383e-05
8.15012626e-08,-9.42909082e-06,-1.03911525e-05,2.87166986e-05
8.16553296e-08,-2.56590261e-06,-5.4048237e-06,3.54528383e-05
8.18093966e-08,4.86843237e-06,1.76463197e-06,3.08097297e-05
8.19634636e-08,9.33682622e-06,7.49972332e-06,1.4981908e-05
8.21175234e-08,9.28245572e-06,9.50821504e-06,-6.47827164e-06
8.22715904e-08,5.58896272e-06,7.80399569e-06,-2.53693124e-05
8.24256574e-08,5.94329606e-07,4.13271073e-06,-3.49418369e-05
8.25797244e-08,-3.40396673e-06,5.61331547e-07,-3.28006136e-05
8.27337914e-08,-5.19745345e-06,-1.71910472e-06,-2.1133681e-05
8.28878584e-08,-4.87386342e-06,-2.73786191e-06,-4.83054009e-06
8.30419253e-08,-3.35718823e-06,-3.2751268e-06,1.07857104e-05
8.31959923e-08,-1.69961356e-06,-4.04879665e-06,2.13855546e-05
8.33500593e-08,-5.18381398e-07,-5.10072687e-06,2.42749029e-05
8.35041263e-08,1.73845478e-07,-5.7400166e-06,1.89465482e-05
8.36581933e-08,7.18682941e-07,-5.04041645e-06,7.64380093e-06
8.38122602e-08,1.36619508e-06,-2.55750183e-06,-4.90212778e-06
8.39663272e-08,1.99617648e-06,1.21906373e-06,-1.33408339e-05
8.41203942e-08,2.24667951e-06,4.9998057e-06,-1.4585079e-05
8.42744612e-08,1.93540654e-06,7.3431338e-06,-9.70853216e-06
8.44285282e-08,1.35971777e-06,7.41167105e-06,-3.09918823e-06
8.45825952e-08,1.12689838e-06,5.36499465e-06,8.05459194e-07
8.47366621e-08,1.60261345e-06,2.17654701e-06,7.04279159e-07
8.48907291e-08,2.47424737e-06,-9.54771963e-07,-1.00265504e-06
8.50447961e-08,2.88426122e-06,-3.18784714e-06,-5.72093199e-07
8.51988631e-08,2.06551749e-06,-4.26920451e-06,3.94955987e-06
8.5352923e-08,-5.88790954e-08,-4.36977234e-06,1.12893285e-05
8.55069899e-08,-2.82886322e-06,-3.76301659e-06,1.78882219e-05
8.56610569e-08,-5.33503908e-06,-2.63932111e-06,1.99883598e-05
8.58151239e-08,-6.95342669e-06,-1.15781347e-06,1.5360647e-05
8.59691909e-08,-7.49105766e-06,3.98659836e-07,4.14635679e-06
8.61232579e-08,-6.95925883e-06,1.58869102e-06,-1.10249121e-05
8.62773248e-08,-5.35745403e-06,1.98089606e-06,-2.56179628e-05
8.64313918e-08,-2.74471495e-06,1.41376631e-06,-3.47016794e-05
8.65854588e-08,5.08087851e-07,1.24061089e-07,-3.50553528e-05
8.67395258e-08,3.63896038e-06,-1.36347899e-06,-2.67446158e-05
8.68935928e-08,5.77824039e-06,-2.48314018e-06,-1.30539684e-05
8.70476597e-08,6.44522424e-06,-2.80265726e-06,1.20253492e-06
8.72017267e-08,5.86778879e-06,-2.05270339e-06,1.18745738e-05
8.73557937e-08,4.83686472e-06,-1.4449185e-07,1.68989245e-05
8.75098607e-08,4.1593903e-06,2.68547888e-06,1.65061465e-05
8.76639277e-08,4.10177336e-06,5.6930985e-06,1.26050008e-05
8.78179947e-08,4.24913151e-06,7.70177394e-06,7.92735227e-06
8.79720616e-08,3.86833199e-06,7.60371131e-06,5.20366621e-06
8.81261286e-08,2.45794217e-06,5.04442278e-06,6.34786238e-06
8.82801956e-08,4.41948202e-08,7.56523718e-07,1.16795654e-05
8.84342626e-08,-2.92336722e-06,-3.80366714e-06,1.95136308e-05
8.85883296e-08,-5.85141379e-06,-7.25989958e-06,2.65424587e-05
8.87423894e-08,-8.15129533e-06,-8.89498278e-06,2.90790522e-05
8.88964564e-08,-9.21607261e-06,-8.6091386e-06,2.46487289e-05
8.90505234e-08,-8.4558551e-06,-6.51527489e-06,1.31074203e-05
8.92045904e-08,-5.59476757e-06,-2.76359515e-06,-3.26790655e-06
8.93586574e-08,-1.09342477e-06,2.16064404e-06,-2.06381974e-05
8.95127243e-08,3.71598458e-06,7.03835076e-06,-3.48368994e-05
8.96667913e-08,7.07653817e-06,1.00611578e-05,-4.24759164e-05
8.98208583e-08,7.67298934e-06,9.69714802e-06,-4.17941847e-05
8.99749253e-08,5.37333108e-06,5.71579676e-06,-3.32404088e-05
9.01289923e-08,1.3526053e-06,-4.39592156e-07,-1.95299326e-05
9.02830593e-08,-2.49601953e-06,-6.27383179e-06,-4.81011239e-06
9.04371262e-08,-4.51520873e-06,-9.4868019e-06,6.998137e-06
9.05911932e-08,-4.06526487e-06,-9.06745117e-06,1.38469841e-05
9.07452602e-08,-1.72388604e-06,-5.62314517e-06,1.60870804e-05
9.08993272e-08,1.16151341e-06,-8.71935072e-07,1.55183789e-05
9.10533942e-08,3.27497423e-06,3.30854596e-06,1.38029482e-05
9.12074611e-08,3.96354608e-06,5.72707631e-06,1.15505763e-05
9.13615281e-08,3.32831405e-06,6.18804688e-06,8.64010235e-06
9.15155951e-08,1.85132319e-06,5.2190544e-06,5.11761073e-06
9.16696621e-08,-9.68387326e-09,3.54546887e-06,1.55470468e-06
9.18237291e-08,-1.90063565e-06,1.70221801e-06,-1.43426712e-06
9.1977796e-08,-3.3762683e-06,-3.4098079e-08,-3.74590445e-06
9.21318559e-08,-3.8412777e-06,-1.48954337e-06,-5.58542615e-06
9.22859229e-08,-2.87969829e-06,-2.46659897e-06,-6.72041779e-06
9.24399899e-08,-6.98546046e-07,-2.78385323e-06,-6.25065604e-06
9.25940569e-08,1.79632912e-06,-2.39672909e-06,-3.4865825e-06
9.27481238e-08,3.46582965e-06,-1.48625418e-06,8.0822889e-07
9.29021908e-08,3.61164666e-06,-4.65164618e-07,4.251674e-06
9.30562578e-08,2.32353773e-06,1.36963479e-07,4.32397428e-06
9.32103248e-08,2.9190906e-07,-8.62139728e-08,4.34466983e-07
9.33643918e-08,-1.62182209e-06,-1.12824512e-06,-5.1853649e-06
9.35184588e-08,-2.71584258e-06,-2.40082704e-06,-8.65574111e-06
9.36725257e-08,-2.59830244e-06,-2.93281482e-06,-6.9360517e-06
9.38265927e-08,-1.27976443e-06,-1.96968358e-06,1.65694019e-07
9.39806597e-08,7.25821451e-07,4.10118787e-07,9.89002001e-06
9.41347267e-08,2.46550508e-06,3.1800555e-06,1.8307388e-05
9.42887937e-08,2.96232156e-06,4.94851338e-06,2.26160155e-05
9.44428606e-08,1.81722498e-06,4.87330408e-06,2.22460876e-05
9.45969276e-08,-4.38292886e-07,3.18911884e-06,1.81328614e-05
9.47509946e-08,-2.57656416e-06,9.45706233e-07,1.11282461e-05
9.49050616e-08,-3.43658121e-06,-7.84551048e-07,1.27174508e-06
9.50591286e-08,-2.66838583e-06,-1.58717069e-06,-1.12819444e-05
9.52131956e-08,-9.13058557e-07,-1.76722551e-06,-2.46111758e-05
9.53672554e-08,6.84544602e-07,-1.84746091e-06,-3.45392182e-05
9.55213224e-08,1.25913368e-06,-2.0256e-06,-3.63034233e-05
9.56753894e-08,7.30084594e-07,-2.03552872e-06,-2.7488888e-05
9.58294564e-08,-2.92509526e-07,-1.48442837e-06,-1.01188161e-05
9.59835234e-08,-1.02735703e-06,-3.48361766e-07,9.73893202e-06
9.61375903e-08,-1.031593e-06,8.50654146e-07,2.47859498e-05
9.62916573e-08,-3.68778501e-07,1.35080393e-06,3.00792726e-05
9.64457243e-08,6.03317574e-07,7.42211341e-07,2.52403461e-05
9.65997913e-08,1.54508541e-06,-6.16763316e-07,1.4073381e-05
9.67538583e-08,2.28346312e-06,-1.74730474e-06,2.03063109e-06
9.69079252e-08,2.73665523e-06,-1.70791282e-06,-6.72420765e-06
9.70619922e-08,2.77211984e-06,-3.01250225e-07,-1.08725335e-05
9.72160592e-08,2.21930441e-06,1.72351088e-06,-1.15105013e-05
9.73701262e-08,1.04704418e-06,3.18286311e-06,-1.05822492e-05
9.75241932e-08,-4.75632675e-07,3.27781891e-06,-9.50165577e-06
9.76782601e-08,-1.80468601e-06,2.09564291e-06,-8.66738537e-06
9.78323271e-08,-2.38211965e-06,4.59697389e-07,-7.65534969e-06
9.79863941e-08,-1.97214172e-06,-7.117726e-07,-5.59572391e-06
9.81404611e-08,-8.4994457e-07,-1.002521e-06,-1.62965978e-06
9.82945281e-08,2.8123759e-07,-6.62987588e-07,4.42826922e-06
9.84485951e-08,6.67822746e-07,-3.18964766e-07,1.14383029e-05
9.8602662e-08,-1.32731799e-08,-4.60780456e-07,1.69482573e-05
9.87567219e-08,-1.3853238e-06,-1.07117035e-06,1.82721269e-05
9.89107889e-08,-2.54812244e-06,-1.64410699e-06,1.41540122e-05
9.90648559e-08,-2.67665791e-06,-1.58285059e-06,5.8237265e-06
9.92189229e-08,-1.62274762e-06,-7.29745068e-07,-3.46852448e-06
9.93729898e-08,-3.10240011e-08,4.26378222e-07,-1.02440699e-05
9.95270568e-08,1.14996271e-06,1.08769439e-06,-1.27105723e-05
9.96811238e-08,1.39443762e-06,7.91914431e-07,-1.14698605e-05
9.98351908e-08,9.41523524e-07,-1.63127609e-07,-8.60472392e-06
9.99892578e-08,4.80783626e-07,-9.39881033e-07,-5.94631229e-06
