Time (s),Total E x (V/m),Total E y (V/m),Total E z (V/m)
0,0,0,0
1.54066648e-10,0,0,0
3.08133297e-10,0,0,0
4.62199973e-10,0,0,0
6.16266593e-10,0,0,0
7.70333297e-10,0,0,0
9.24399945e-10,0,0,0
1.07846654e-09,0,0,0
1.23253319e-09,0,0,0
1.38659983e-09,0,0,0
1.54066659e-09,0,0,0
1.69473324e-09,0,0,0
1.84879989e-09,0,0,0
2.00286654e-09,0,0,0
2.15693308e-09,0,0,0
2.31099984e-09,0,0,0
2.46506637e-09,0,0,0
2.61913313e-09,0,0,0
2.77319967e-09,0,0,0
2.92726643e-09,0,0,0
3.08133319e-09,0,0,0
3.23539973e-09,0,0,0
3.38946649e-09,0,0,0
3.54353302e-09,0,0,0
3.69759978e-09,0,0,0
3.85166654e-09,0,0,0
4.00573308e-09,0,0,0
4.15979962e-09,0,0,0
4.31386615e-09,0,0,0
4.46793313e-09,0,0,0
4.62199967e-09,0,0,0
4.77606621e-09,0,0,0
4.93013275e-09,0,0,0
5.08419973e-09,0,0,0
5.23826627e-09,0,0,0
5.3923328e-09,0,0,0
5.54639934e-09,0,0,0
5.70046632e-09,0,0,0
5.85453286e-09,0,0,0
6.0085994e-09,0,0,0
6.16266638e-09,0,0,0
6.31673291e-09,0,0,0
6.47079945e-09,0,0,0
6.62486599e-09,0,0,0
6.77893297e-09,0,0,0
6.93299951e-09,0,0,0
7.08706605e-09,0,0,0
7.24113258e-09,0,0,0
7.39519956e-09,0,0,0
7.5492661e-09,0,0,0
7.70333308e-09,0,0,0
7.85739918e-09,0,0,0
8.01146616e-09,0,0,0
8.16553225e-09,0,0,0
8.31959923e-09,0,0,0
8.47366621e-09,0,0,0
8.62773231e-09,0,0,0
8.78179929e-09,0,0,0
8.93586627e-09,0,0,0
9.08993236e-09,0,0,0
9.24399934e-09,0,0,0
9.39806633e-09,0,0,0
9.55213242e-09,0,0,0
9.7061994e-09,0,0,0
9.86026549e-09,0,0,0
1.00143325e-08,0,0,0
1.01683995e-08,0,0,0
1.03224655e-08,0,0,0
1.04765325e-08,0,0,0
1.06305995e-08,0,0,0
1.07846656e-08,0,0,0
1.09387326e-08,0,0,0
1.10927987e-08,0,0,0
1.12468657e-08,0,0,0
1.14009326e-08,0,0,0
1.15549987e-08,0,0,0
1.17090657e-08,0,0,0
1.18631327e-08,0,0,0
1.20171988e-08,0,0,0
1.21712658e-08,0,0,0
1.23253328e-08,0,0,0
1.24793988e-08,0,0,0
1.26334658e-08,0,0,0
1.27875319e-08,0,0,0
1.29415989e-08,0,0,0
1.30956659e-08,0,0,0
1.3249732e-08,0,0,0
1.3403799e-08,0,0,0
1.35578659e-08,0,0,0
1.3711932e-08,0,0,0
1.3865999e-08,0,0,0
1.40200651e-08,0,0,0
1.41741321e-08,0,0,0
1.43281991e-08,0,0,0
1.44822652e-08,0,0,0
1.46363321e-08,0,0,0
1.47903991e-08,0,0,0
1.49444652e-08,0,0,0
1.50985322e-08,0,0,0
1.52525992e-08,0,0,0
1.54066662e-08,0,0,0
1.55607314e-08,0,0,0
1.57147984e-08,0,0,0
1.58688653e-08,0,0,0
1.60229323e-08,0,0,0
1.61769993e-08,0,0,0
1.63310645e-08,0,0,0
1.64851315e-08,0,0,0
1.66391985e-08,0,0,0
1.67932654e-08,0,0,0
1.69473324e-08,0,0,0
1.71013994e-08,0,0,0
1.72554646e-08,0,0,0
1.74095316e-08,0,0,0
1.75635986e-08,0,0,0
1.77176656e-08,0,0,0
1.78717325e-08,0,0,0
1.80257977e-08,0,0,0
1.81798647e-08,0,0,0
1.83339317e-08,0,0,0
1.84879987e-08,0,0,0
1.86420657e-08,0,0,0
1.87961327e-08,0,0,0
1.89501979e-08,0,0,0
1.91042648e-08,0,0,0
1.92583318e-08,0,0,0
1.94123988e-08,0,0,0
1.95664658e-08,0,0,0
1.9720531e-08,0,0,0
1.9874598e-08,0,0,0
2.00286649e-08,0,0,0
2.01827319e-08,0,0,0
2.03367989e-08,0,0,0
2.04908659e-08,0,0,0
2.06449311e-08,0,0,0
2.07989981e-08,0,0,0
2.09530651e-08,0,0,0
2.1107132e-08,0,0,0
2.1261199e-08,0,0,0
2.14152642e-08,0,0,0
2.15693312e-08,0,0,0
2.17233982e-08,0,0,0
2.18774652e-08,0,0,0
2.20315322e-08,0,0,0
2.21855974e-08,0,0,0
2.23396643e-08,0,0,0
2.24937313e-08,0,0,0
2.26477983e-08,0,0,0
2.28018653e-08,0,0,0
2.29559323e-08,0,0,0
2.31099975e-08,0,0,0
2.32640645e-08,0,0,0
2.34181314e-08,0,0,0
2.35721984e-08,0,0,0
2.37262654e-08,0,0,0
2.38803306e-08,0,0,0
2.40343976e-08,0,0,0
2.41884646e-08,0,0,0
2.43425315e-08,0,0,0
2.44965985e-08,0,0,0
2.46506655e-08,0,0,0
2.48047307e-08,0,0,0
2.49587977e-08,0,0,0
2.51128647e-08,0,0,0
2.52669317e-08,0,0,0
2.54209986e-08,0,0,0
2.55750638e-08,0,0,0
2.57291308e-08,0,0,0
2.58831978e-08,0,0,0
2.60372648e-08,0,0,0
2.61913318e-08,0,0,0
2.63453988e-08,0,0,0
2.6499464e-08,0,0,0
2.66535309e-08,0,0,0
2.68075979e-08,0,0,0
2.69616649e-08,0,0,0
2.71157319e-08,0,0,0
2.72697971e-08,0,0,0
2.74238641e-08,0,0,0
2.7577931e-08,0,0,0
2.7731998e-08,0,0,0
2.7886065e-08,0,0,0
2.80401302e-08,0,0,0
2.81941972e-08,0,0,0
2.83482642e-08,0,0,0
2.85023312e-08,0,0,0
2.86563981e-08,0,0,0
2.88104651e-08,0,0,0
2.89645303e-08,0,0,0
2.91185973e-08,0,0,0
2.92726643e-08,0,0,0
2.94267313e-08,0,0,0
2.95807983e-08,0,0,0
2.97348635e-08,0,0,0
2.98889304e-08,0,0,0
3.00429974e-08,0,0,0
3.01970644e-08,0,0,0
3.03511314e-08,0,0,0
3.05051984e-08,0,0,0
3.06592653e-08,0,0,0
3.08133323e-08,0,0,0
3.09673958e-08,0,0,0
3.11214627e-08,0,0,0
3.12755297e-08,0,0,0
3.14295967e-08,0,0,0
3.15836637e-08,0,0,0
3.17377307e-08,0,0,0
3.18917976e-08,0,0,0
3.20458646e-08,0,0,0
3.21999316e-08,0,0,0
3.23539986e-08,0,0,0
3.25080656e-08,0,0,0
3.2662129e-08,0,0,0
3.2816196e-08,0,0,0
3.2970263e-08,0,0,0
3.31243299e-08,0,0,0
3.32783969e-08,0,0,0
3.34324639e-08,0,0,0
3.35865309e-08,0,0,0
3.37405979e-08,0,0,0
3.38946649e-08,0,0,0
3.40487318e-08,0,0,0
3.42027988e-08,0,0,0
3.43568622e-08,0,0,0
3.45109292e-08,0,0,0
3.46649962e-08,0,0,0
3.48190632e-08,0,0,0
3.49731302e-08,0,0,0
3.51271972e-08,0,0,0
3.52812641e-08,0,0,0
3.54353311e-08,0,0,0
3.55893981e-08,0,0,0
3.57434651e-08,0,0,0
3.58975321e-08,0,0,0
3.60515955e-08,0,0,0
3.62056625e-08,0,0,0
3.63597294e-08,0,0,0
3.65137964e-08,0,0,0
3.66678634e-08,0,0,0
3.68219304e-08,0,0,0
3.69759974e-08,0,0,0
3.71300644e-08,0,0,0
3.72841313e-08,0,0,0
3.74381983e-08,0,0,0
3.75922653e-08,0,0,0
3.77463287e-08,0,0,0
3.79003957e-08,0,0,0
3.80544627e-08,0,0,0
3.82085297e-08,0,0,0
3.83625967e-08,0,0,0
3.85166636e-08,0,0,0
3.86707306e-08,0,0,0
3.88247976e-08,0,0,0
3.89788646e-08,0,0,0
3.91329316e-08,0,0,0
3.92869985e-08,0,0,0
3.9441062e-08,0,0,0
3.9595129e-08,0,0,0
3.97491959e-08,0,0,0
3.99032629e-08,0,0,0
4.00573299e-08,0,0,0
4.02113969e-08,0,0,0
4.03654639e-08,0,0,0
4.05195308e-08,0,0,0
4.06735978e-08,0,0,0
4.08276648e-08,0,0,0
4.09817318e-08,0,0,0
4.11357952e-08,0,0,0
4.12898622e-08,0,0,0
4.14439292e-08,0,0,-6.98309292e-36
4.15979962e-08,-1.11739504e-36,0,-4.44399405e-34
4.17520631e-08,-3.76894196e-35,0,-7.33875596e-33
4.19061301e-08,-5.71879379e-34,3.79361888e-36,-1.11967389e-31
4.20601971e-08,-8.19156095e-33,3.28355452e-34,-1.62541848e-30
4.22142641e-08,-1.1098933e-31,5.20847772e-33,-2.23608983e-29
4.23683311e-08,-1.42375377e-30,7.34106096e-32,-2.91371149e-28
4.2522398e-08,-1.7283509e-29,9.76460494e-31,-3.5949131e-27
4.26764615e-08,-1.98470523e-28,1.2287409e-29,-4.19815072e-26
4.28305285e-08,-2.15482672e-27,1.4621996e-28,-4.63864067e-25
4.29845954e-08,-2.21114014e-26,1.64493157e-27,-4.84745954e-24
4.31386624e-08,-2.14327764e-25,1.74820698e-26,-4.78905654e-23
4.32927294e-08,-1.96153341e-24,1.75477548e-25,-4.47109953e-22
4.34467964e-08,-1.69405355e-23,1.66267089e-24,-3.94294218e-21
4.36008634e-08,-1.37998139e-22,1.48632801e-23,-3.28307339e-20
4.37549303e-08,-1.05969844e-21,1.25312385e-22,-2.57994273e-19
4.39089973e-08,-7.6678835e-21,9.95709777e-22,-1.91262893e-18
4.40630643e-08,-5.22525954e-20,7.45366068e-21,-1.33714209e-17
4.42171313e-08,-3.35210626e-19,5.25434172e-20,-8.81262475e-17
4.43711947e-08,-2.02372508e-18,3.48653113e-19,-5.47390648e-16
4.45252617e-08,-1.14941196e-17,2.17692265e-18,-3.20388582e-15
4.46793287e-08,-6.14140444e-17,1.2786586e-17,-1.76693173e-14
4.48333957e-08,-3.08702137e-16,7.06390803e-17,-9.18263742e-14
4.49874626e-08,-1.4602758e-15,3.67084121e-16,-4.4982388e-13
4.51415296e-08,-6.50421777e-15,1.79471098e-15,-2.07807556e-12
4.52955966e-08,-2.73006986e-14,8.25982569e-15,-9.06030459e-12
4.54496636e-08,-1.08119317e-13,3.58101102e-14,-3.73171286e-11
4.56037306e-08,-4.04537162e-13,1.46402327e-13,-1.4536794e-10
4.57577976e-08,-1.43228355e-12,5.65103628e-13,-5.36282907e-10
4.59118645e-08,-4.80582458e-12,2.06253656e-12,-1.87613125e-09
4.6065928e-08,-1.53003617e-11,7.12786254e-12,-6.23157792e-09
4.62199949e-08,-4.62595587e-11,2.33540721e-11,-1.9669363e-08
4.63740619e-08,-1.32863817e-10,7.26146296e-11,-5.90251119e-08
4.65281289e-08,-3.62324365e-10,2.14317994e-10,-1.68382755e-07
4.66821959e-08,-9.37422584e-10,6.00198113e-10,-4.56336551e-07
4.68362629e-08,-2.29839836e-09,1.5932683e-09,-1.17350146e-06
4.69903298e-08,-5.33430011e-09,4.00237132e-09,-2.85877763e-06
4.71443968e-08,-1.17082175e-08,9.49356949e-09,-6.58408226e-06
4.72984638e-08,-2.4295197e-08,2.12051052e-08,-1.43015905e-05
4.74525308e-08,-4.76716693e-08,4.44597958e-08,-2.92152235e-05
4.76065978e-08,-8.85717029e-08,8.71466881e-08,-5.59322143e-05
4.77606612e-08,-1.56216814e-07,1.58863514e-07,-9.99164549e-05
4.79147282e-08,-2.6253241e-07,2.67431943e-07,-0.000165583944
4.80687952e-08,-4.22450086e-07,4.1137622e-07,-0.000252526137
4.82228621e-08,-6.53940504e-07,5.68484893e-07,-0.000350177987
4.83769291e-08,-9.75247872e-07,6.83881069e-07,-0.000432917004
4.85309961e-08,-1.39453221e-06,6.65680204e-07,-0.00045955932
4.86850631e-08,-1.88221543e-06,3.99609036e-07,-0.000381983933
4.88391301e-08,-2.32529624e-06,-2.09914589e-07,-0.000165077043
4.89931971e-08,-2.47697835e-06,-1.17764284e-06,0.00018662386
4.9147264e-08,-1.9496681e-06,-2.37932659e-06,0.000608949165
4.9301331e-08,-3.1912424e-07,-3.53628752e-06,0.000982351019
4.94553944e-08,2.61921946e-06,-4.27171426e-06,0.00117048086
4.96094614e-08,6.50464972e-06,-4.23329266e-06,0.00108305248
4.97635284e-08,1.0191734e-05,-3.22970118e-06,0.000730825937
4.99175954e-08,1.1940122e-05,-1.31389118e-06,0.000234808162
5.00716624e-08,1.01489468e-05,1.22658264e-06,-0.000225922835
5.02257294e-08,4.39039377e-06,3.9593001e-06,-0.000502840732
5.03797963e-08,-3.88784656e-06,6.42264013e-06,-0.000549167802
5.05338633e-08,-1.16283227e-05,8.22434322e-06,-0.000428846368
5.06879303e-08,-1.55021335e-05,9.09374648e-06,-0.000262042857
5.08419973e-08,-1.3644496e-05,8.86820271e-06,-0.000149436353
5.09960643e-08,-6.71981115e-06,7.40829228e-06,-0.000125565901
5.11501277e-08,2.34526124e-06,4.51460664e-06,-0.000161418502
5.13041947e-08,9.71852205e-06,1.9123263e-08,-0.000199317103
5.14582617e-08,1.22365682e-05,-5.84254531e-06,-0.0001900528
5.16123286e-08,8.47484716e-06,-1.19651913e-05,-0.000114773175
5.17663956e-08,-8.12123517e-07,-1.63201621e-05,9.47319495e-06
5.19204626e-08,-1.26892382e-05,-1.6709726e-05,0.000137300085
5.20745296e-08,-2.25338972e-05,-1.20864161e-05,0.000214684624
5.22285966e-08,-2.53527251e-05,-3.52917846e-06,0.000206171753
5.23826635e-08,-1.79367544e-05,5.98438874e-06,0.00011598038
5.25367305e-08,-1.00205943e-06,1.29877099e-05,-1.23226673e-05
5.26907975e-08,2.01199819e-05,1.51724144e-05,-0.000120240438
5.28448609e-08,3.72361283e-05,1.22322081e-05,-0.000167480335
5.29989279e-08,4.30515684e-05,5.64308129e-06,-0.000151329106
5.31529949e-08,3.49983275e-05,-2.11400084e-06,-0.000100296893
5.33070619e-08,1.67534181e-05,-8.33506874e-06,-4.94213309e-05
5.34611289e-08,-3.75417835e-06,-1.08086197e-05,-1.69557461e-05
5.36151958e-08,-1.87581063e-05,-8.61302578e-06,1.53683641e-06
5.37692628e-08,-2.46534837e-05,-2.76653418e-06,2.10187318e-05
5.39233298e-08,-2.3001945e-05,3.8917342e-06,4.98749432e-05
5.40773968e-08,-1.8237286e-05,7.94971675e-06,8.23821974e-05
5.42314638e-08,-1.41910168e-05,7.28138457e-06,0.000104861108
5.43855272e-08,-1.20496397e-05,2.3403079e-06,0.000107447944
5.45395942e-08,-1.07020514e-05,-4.04835737e-06,9.03002074e-05
5.46936612e-08,-8.39995937e-06,-8.32005117e-06,6.03103872e-05
5.48477281e-08,-4.10345137e-06,-8.19167053e-06,2.38724024e-05
5.50017951e-08,2.13899443e-06,-3.82667622e-06,-1.62254764e-05
5.51558621e-08,9.36762808e-06,2.46551485e-06,-5.74726182e-05
5.53099291e-08,1.59730353e-05,7.66338508e-06,-9.28810332e-05
5.54639961e-08,2.00697868e-05,9.64292394e-06,-0.000111121837
5.5618063e-08,2.017718e-05,8.04548927e-06,-0.000102669015
5.577213e-08,1.59488281e-05,4.06991512e-06,-6.70005247e-05
5.5926197e-08,8.41106612e-06,-4.54405154e-07,-1.47851497e-05
5.60802604e-08,-4.99250405e-07,-4.02078967e-06,3.67038301e-05
5.62343274e-08,-8.70620715e-06,-5.8912442e-06,7.15282149e-05
5.63883944e-08,-1.45306831e-05,-5.97328426e-06,8.1269558e-05
5.65424614e-08,-1.68680926e-05,-4.47453613e-06,6.66872729e-05
5.66965284e-08,-1.5256117e-05,-1.7332336e-06,3.5525256e-05
5.68505953e-08,-1.00535581e-05,1.66610312e-06,-1.14595332e-06
5.70046623e-08,-2.5929769e-06,4.75205252e-06,-3.23339664e-05
5.71587293e-08,5.00118404e-06,6.3649768e-06,-4.99130329e-05
5.73127963e-08,1.04743185e-05,5.7620482e-06,-5.07194563e-05
5.74668633e-08,1.23658365e-05,3.20644403e-06,-3.73373332e-05
5.76209302e-08,1.06910938e-05,-4.72722377e-08,-1.67934068e-05
5.77749937e-08,6.8964041e-06,-2.54443694e-06,2.62104049e-06
5.79290607e-08,3.00673992e-06,-3.63248091e-06,1.4819936e-05
5.80831276e-08,4.43787314e-07,-3.790763e-06,1.78634891e-05
5.82371946e-08,-6.77194578e-07,-3.93335995e-06,1.36668559e-05
5.83912616e-08,-1.26854525e-06,-4.31268518e-06,6.17220758e-06
5.85453286e-08,-2.28157114e-06,-4.11671954e-06,-6.27063059e-07
5.86993956e-08,-3.85436351e-06,-2.24079872e-06,-3.93465871e-06
5.88534625e-08,-5.30010266e-06,1.44595674e-06,-2.54580959e-06
5.90075295e-08,-5.84085819e-06,5.57552812e-06,3.27223393e-06
5.91615965e-08,-5.36039715e-06,8.0754362e-06,1.21154999e-05
5.93156635e-08,-4.50232801e-06,7.61871888e-06,2.18992518e-05
5.94697269e-08,-4.11117117e-06,4.45607338e-06,3.02632343e-05
5.96237939e-08,-4.54468682e-06,-1.43096486e-08,3.47284877e-05
5.97778609e-08,-5.36909147e-06,-4.38787538e-06,3.26768604e-05
5.99319279e-08,-5.53040718e-06,-7.96608856e-06,2.1776561e-05
6.00859948e-08,-3.83443012e-06,-1.0482343e-05,1.44916703e-06
6.02400618e-08,4.2452109e-07,-1.1376268e-05,-2.5150257e-05
6.03941288e-08,6.8219183e-06,-9.61882688e-06,-5.04186828e-05
6.05481958e-08,1.348141e-05,-4.49834124e-06,-6.45402179e-05
6.07022628e-08,1.75553669e-05,3.29162299e-06,-6.02929649e-05
6.08563298e-08,1.66290192e-05,1.13442711e-05,-3.76514727e-05
6.10103967e-08,1.03371422e-05,1.64940029e-05,-4.81241341e-06
6.11644637e-08,9.82584652e-07,1.64590347e-05,2.55544237e-05
6.13185307e-08,-7.55401925e-06,1.10727087e-05,4.27693922e-05
6.14725977e-08,-1.20169689e-05,2.36045616e-06,4.32833076e-05
6.16266647e-08,-1.15410721e-05,-6.47103843e-06,3.14313802e-05
6.17807316e-08,-7.75844364e-06,-1.24941325e-05,1.57258273e-05
6.19347915e-08,-3.35666573e-06,-1.42386752e-05,3.53252562e-06
6.20888585e-08,-3.20586651e-07,-1.20859168e-05,-2.41559269e-06
6.22429255e-08,9.13671499e-07,-7.7423947e-06,-3.94996005e-06
6.23969925e-08,1.08577035e-06,-3.10157338e-06,-4.68959342e-06
6.25510594e-08,1.15001467e-06,8.03431078e-07,-6.9268508e-06
6.27051264e-08,1.55387499e-06,4.06928848e-06,-1.01866572e-05
6.28591934e-08,2.14120269e-06,7.26422059e-06,-1.2081261e-05
6.30132604e-08,2.49122081e-06,1.04280689e-05,-1.05229174e-05
6.31673274e-08,2.29090597e-06,1.25927445e-05,-5.62362584e-06
6.33213944e-08,1.49609548e-06,1.22563215e-05,1.27176008e-07
6.34754613e-08,3.00626482e-07,8.46415332e-06,3.56943042e-06
6.36295283e-08,-9.59520776e-07,1.70174894e-06,3.12459792e-06
6.37835953e-08,-1.91533991e-06,-6.02460614e-06,-2.04655464e-07
6.39376623e-08,-2.2948368e-06,-1.19848864e-05,-3.83927409e-06
6.40917293e-08,-2.04918069e-06,-1.39477615e-05,-5.60431363e-06
6.42457962e-08,-1.38499411e-06,-1.11864201e-05,-4.93243488e-06
6.43998632e-08,-6.45374939e-07,-4.7850117e-06,-2.55375107e-06
6.45539302e-08,-1.14918507e-07,2.86104955e-06,5.03996148e-07
6.47079972e-08,1.13695386e-07,9.05976322e-06,3.37087204e-06
6.48620642e-08,1.3723195e-07,1.18723156e-05,5.09013125e-06
6.50161311e-08,1.53315085e-07,1.0787985e-05,4.58635122e-06
6.51701981e-08,3.58309194e-07,6.8079994e-06,1.48871641e-06
6.5324258e-08,8.62099e-07,1.92399125e-06,-2.84287944e-06
6.5478325e-08,1.60083641e-06,-1.84809312e-06,-5.44046861e-06
6.5632392e-08,2.28959834e-06,-3.47699211e-06,-3.5080102e-06
6.57864589e-08,2.49907498e-06,-3.41206601e-06,3.23141671e-06
6.59405259e-08,1.87868602e-06,-3.16296928e-06,1.1541284e-05
6.60945929e-08,4.17275885e-07,-4.15097884e-06,1.61523676e-05
6.62486599e-08,-1.45396643e-06,-6.59542729e-06,1.30434337e-05
6.64027269e-08,-3.03685306e-06,-9.27251403e-06,2.42359124e-06
6.65567939e-08,-3.73120838e-06,-1.03441362e-05,-1.07473934e-05
6.67108608e-08,-3.36237304e-06,-8.64034428e-06,-1.93445285e-05
6.68649278e-08,-2.2407396e-06,-4.45500064e-06,-1.83679167e-05
6.70189948e-08,-9.16978365e-07,6.49365518e-07,-8.19017987e-06
6.71730618e-08,2.00973375e-07,4.78072798e-06,5.5061073e-06
6.73271288e-08,1.09985797e-06,6.70395639e-06,1.52205248e-05
6.74811957e-08,2.1002395e-06,6.30757404e-06,1.62912511e-05
6.76352627e-08,3.5101466e-06,4.41278098e-06,9.57962675e-06
6.77893297e-08,5.23296239e-06,2.17569345e-06,4.16368948e-07
6.79433967e-08,6.61570448e-06,4.66940094e-07,-5.27090378e-06
6.80974637e-08,6.69199608e-06,-4.4848565e-07,-4.85319333e-06
6.82515306e-08,4.72236979e-06,-8.01082251e-07,-3.09238089e-07
6.84055976e-08,7.33214392e-07,-9.16665442e-07,3.6865797e-06
6.85596646e-08,-4.28316389e-06,-8.64054243e-07,3.32465243e-06
6.87137245e-08,-8.67399376e-06,-4.29464251e-07,-1.65223742e-06
6.88677915e-08,-1.08300901e-05,5.92979518e-07,-7.87640784e-06
6.90218585e-08,-9.93952108e-06,2.08695087e-06,-1.07917876e-05
6.91759254e-08,-6.3810694e-06,3.56093028e-06,-7.81187646e-06
6.93299924e-08,-1.53161216e-06,4.39178984e-06,-2.85544957e-08
6.94840594e-08,2.90006301e-06,4.16641888e-06,8.54294831e-06
6.96381264e-08,5.62813784e-06,2.88816818e-06,1.34532602e-05
6.97921934e-08,6.2228587e-06,9.60194257e-07,1.22414676e-05
6.99462603e-08,5.06887864e-06,-1.0037212e-06,5.37975984e-06
7.01003273e-08,2.99512021e-06,-2.43014756e-06,-4.37107701e-06
7.02543943e-08,8.58957605e-07,-2.9878081e-06,-1.3374085e-05
7.04084613e-08,-7.20071796e-07,-2.66514508e-06,-1.84201781e-05
7.05625283e-08,-1.46727177e-06,-1.70969588e-06,-1.76053945e-05
7.07165952e-08,-1.45764989e-06,-4.84248289e-07,-1.08427821e-05
7.08706622e-08,-1.03776631e-06,6.75300953e-07,8.28201792e-08
7.10247292e-08,-6.49486879e-07,1.55182408e-06,1.20857176e-05
7.11787962e-08,-5.89314254e-07,2.0784139e-06,2.18593341e-05
7.13328632e-08,-8.32598403e-07,2.31134482e-06,2.69113261e-05
7.14869302e-08,-1.05617096e-06,2.33864353e-06,2.60023171e-05
7.16409971e-08,-8.67246058e-07,2.15539035e-06,1.9031937e-05
7.17950641e-08,-8.63536513e-08,1.59445869e-06,6.94118125e-06
7.1949124e-08,1.1091048e-06,4.09783354e-07,-8.05384207e-06
7.2103191e-08,2.27543887e-06,-1.49490916e-06,-2.22937597e-05
7.2257258e-08,2.94324036e-06,-3.84293298e-06,-3.13724158e-05
7.24113249e-08,2.84792441e-06,-5.96429072e-06,-3.19236497e-05
7.25653919e-08,2.02667343e-06,-7.05149978e-06,-2.35877778e-05
7.27194589e-08,7.65432105e-07,-6.5545637e-06,-9.70226756e-06
7.28735259e-08,-5.41340114e-07,-4.47155435e-06,4.11573228e-06
7.30275929e-08,-1.5454201e-06,-1.36463564e-06,1.28500433e-05
7.31816598e-08,-2.04758589e-06,1.88244474e-06,1.46011253e-05
7.33357268e-08,-2.03028981e-06,4.41277507e-06,1.11014633e-05
7.34897938e-08,-1.62303422e-06,5.69029908e-06,6.0099992e-06
7.36438608e-08,-1.03072216e-06,5.64493075e-06,2.36200185e-06
7.37979278e-08,-4.68390994e-07,4.63759352e-06,1.01388684e-06
7.39519948e-08,-1.02648471e-07,3.26202507e-06,9.24035987e-07
7.41060617e-08,-1.19843122e-08,2.05369724e-06,6.1072825e-07
7.42601287e-08,-1.59104161e-07,1.24090343e-06,-6.03013348e-07
7.44141957e-08,-3.99039806e-07,6.65741879e-07,-2.3874511e-06
7.45682627e-08,-5.39175119e-07,-8.14892829e-08,-3.99534611e-06
7.47223297e-08,-4.32467459e-07,-1.37367681e-06,-4.83315307e-06
7.48763966e-08,-5.25682466e-08,-3.23957852e-06,-4.60453293e-06
7.50304636e-08,4.93892458e-07,-5.20179947e-06,-3.23460131e-06
7.51845306e-08,1.02189563e-06,-6.39227119e-06,-9.61065894e-07
7.53385905e-08,1.34886295e-06,-5.97395638e-06,1.48660195e-06
7.54926575e-08,1.35813366e-06,-3.6901813e-06,3.07955497e-06
7.56467244e-08,1.03016146e-06,-1.94918272e-07,3.21419884e-06
7.58007914e-08,4.55238421e-07,3.13799728e-06,2.44352145e-06
7.59548584e-08,-1.82860845e-07,4.90726279e-06,2.39460064e-06
7.61089254e-08,-6.59562204e-07,4.4659937e-06,4.58061822e-06
7.62629924e-08,-8.06125684e-07,2.27293708e-06,8.89012517e-06
7.64170593e-08,-6.00190162e-07,-4.15462921e-07,1.30469125e-05
7.65711263e-08,-1.84147467e-07,-2.26974112e-06,1.3735118e-05
7.67251933e-08,2.17653849e-07,-2.52952282e-06,8.78707488e-06
7.68792603e-08,4.30284302e-07,-1.21570201e-06,-1.06137509e-06
7.70333273e-08,4.15778459e-07,1.07242408e-06,-1.21398871e-05
7.71873943e-08,2.55972509e-07,3.51505651e-06,-1.96360052e-05
7.73414612e-08,6.15423232e-08,5.3552526e-06,-2.01359744e-05
7.74955282e-08,-1.10612717e-07,6.05767991e-06,-1.34511392e-05
7.76495952e-08,-2.72143438e-07,5.39462371e-06,-2.74697186e-06
7.78036622e-08,-4.56192737e-07,3.48773096e-06,7.08490279e-06
7.79577292e-08,-6.59541286e-07,7.7655568e-07,1.19657034e-05
7.81117961e-08,-8.20085233e-07,-2.10986445e-06,1.07461701e-05
7.82658631e-08,-8.37667812e-07,-4.54189922e-06,5.73089937e-06
7.84199301e-08,-6.25433813e-07,-6.06177218e-06,1.22771758e-06
7.85739971e-08,-1.72912394e-07,-6.48588775e-06,8.6708485e-07
7.8728057e-08,4.16379322e-07,-5.92293509e-06,5.22218488e-06
7.88821239e-08,9.37443929e-07,-4.72082911e-06,1.12065218e-05
7.90361909e-08,1.16354852e-06,-3.34196852e-06,1.37343459e-05
7.91902579e-08,9.67489541e-07,-2.16818989e-06,8.83872144e-06
7.93443249e-08,4.08742437e-07,-1.30131377e-06,-3.50312098e-06
7.94983919e-08,-2.68510064e-07,-4.9079182e-07,-1.8641007e-05
7.96524589e-08,-7.45774969e-07,6.91134119e-07,-2.93459325e-05
7.98065258e-08,-7.95983112e-07,2.4823496e-06,-2.97772858e-05
7.99605928e-08,-4.04930603e-07,4.62076787e-06,-1.90284172e-05
8.01146598e-08,2.23752707e-07,6.37132371e-06,-1.96902784e-06
8.02687268e-08,7.78859658e-07,6.9296284e-06,1.33108242e-05
8.04227938e-08,1.0042113e-06,5.93722871e-06,1.99530023e-05
8.05768607e-08,8.17496698e-07,3.72339605e-06,1.59599876e-05
8.07309277e-08,3.3671148e-07,1.10669964e-06,4.88281512e-06
8.08849947e-08,-1.91685245e-07,-1.08396478e-06,-6.554435e-06
8.10390617e-08,-5.14949306e-07,-2.41947055e-06,-1.22014226e-05
8.11931287e-08,-5.0248974e-07,-2.95910468e-06,-9.3822191e-06
8.13471956e-08,-2.22587801e-07,-3.03437582e-06,3.35067512e-07
8.15012626e-08,8.23432913e-08,-2.94346569e-06,1.235121e-05
8.16553296e-08,1.26393772e-07,-2.79176265e-06,2.12264022e-05
8.18093966e-08,-2.3918227e-07,-2.5505251e-06,2.28325989e-05
8.19634636e-08,-8.97379664e-07,-2.2149261e-06,1.586701e-05
8.21175234e-08,-1.4851596e-06,-1.87601893e-06,2.38531948e-06
8.22715904e-08,-1.57445004e-06,-1.61742082e-06,-1.2876495e-05
8.24256574e-08,-9.30011822e-07,-1.34646962e-06,-2.43478353e-05
8.25797244e-08,3.01061675e-07,-7.79068785e-07,-2.79972701e-05
8.27337914e-08,1.60051138e-06,3.25277199e-07,-2.30999722e-05
8.28878584e-08,2.32755588e-06,1.85192903e-06,-1.23968593e-05
8.30419253e-08,2.0763996e-06,3.26124041e-06,-5.07844675e-07
8.31959923e-08,9.37542382e-07,3.90670266e-06,8.46139937e-06
8.33500593e-08,-5.27292343e-07,3.51440622e-06,1.27360654e-05
8.35041263e-08,-1.59278932e-06,2.41858493e-06,1.31582128e-05
8.36581933e-08,-1.76983838e-06,1.33459196e-06,1.20088407e-05
8.38122602e-08,-1.05430956e-06,8.50649371e-07,1.12849284e-05
8.39663272e-08,1.12478105e-07,1.03849413e-06,1.15199809e-05
8.41203942e-08,1.11406666e-06,1.45143872e-06,1.17531381e-05
8.42744612e-08,1.48527624e-06,1.46345133e-06,1.04668397e-05
8.44285282e-08,1.1150637e-06,6.85917485e-07,6.77992466e-06
8.45825952e-08,2.51279744e-07,-7.94396954e-07,1.12220482e-06
8.47366621e-08,-6.62709112e-07,-2.47528465e-06,-4.97585233e-06
8.48907291e-08,-1.21746916e-06,-3.7385696e-06,-9.75432431e-06
8.50447961e-08,-1.21972573e-06,-4.20293964e-06,-1.21309786e-05
8.51988631e-08,-7.47637557e-07,-3.89941079e-06,-1.20846526e-05
8.5352923e-08,-7.42332844e-08,-3.15510965e-06,-1.03695656e-05
8.55069899e-08,4.90552054e-07,-2.28529871e-06,-7.89812566e-06
8.56610569e-08,7.46512796e-07,-1.3569304e-06,-5.26936674e-06
8.58151239e-08,6.69030442e-07,-2.19244711e-07,-2.69364455e-06
8.59691909e-08,3.83228979e-07,1.24221776e-06,-1.98170852e-07
8.61232579e-08,8.05824101e-08,2.87389662e-06,2.181745e-06
8.62773248e-08,-7.91982373e-08,4.25551752e-06,4.38394545e-06
8.64313918e-08,-3.880929e-08,4.92630397e-06,6.37498397e-06
8.65854588e-08,1.2869458e-07,4.6496807e-06,8.09213179e-06
8.67395258e-08,2.56210342e-07,3.53739551e-06,9.26003395e-06
8.68935928e-08,1.75851255e-07,1.99246369e-06,9.30573788e-06
8.70476597e-08,-1.69349818e-07,5.41600002e-07,7.59606746e-06
8.72017267e-08,-6.62165235e-07,-3.74984097e-07,3.92842185e-06
8.73557937e-08,-1.05563993e-06,-6.14675287e-07,-1.10970393e-06
8.75098607e-08,-1.10414101e-06,-4.68456022e-07,-6.28949056e-06
8.76639277e-08,-7.10674726e-07,-6.03447688e-07,-1.03388156e-05
8.78179947e-08,1.72931891e-10,-1.72375837e-06,-1.25209426e-05
8.79720616e-08,7.22389814e-07,-4.0456066e-06,-1.27471712e-05
8.81261286e-08,1.11321992e-06,-6.90147999e-06,-1.12715625e-05
8.82801956e-08,9.77647687e-07,-8.83756729e-06,-8.40189841e-06
8.84342626e-08,3.90914408e-07,-8.32313162e-06,-4.53095845e-06
8.85883296e-08,-3.19110001e-07,-4.74153148e-06,-3.31096544e-07
8.87423894e-08,-7.48705304e-07,9.88362558e-07,3.30769603e-06
8.88964564e-08,-6.57318594e-07,6.67923496e-06,5.70931479e-06
8.90505234e-08,-1.19791054e-07,9.9787776e-06,6.83393273e-06
8.92045904e-08,5.202549e-07,9.63963703e-06,7.21008837e-06
8.93586574e-08,8.75663488e-07,6.14222017e-06,7.35473122e-06
8.95127243e-08,7.68512223e-07,1.31739421e-06,7.20968546e-06
8.96667913e-08,3.3348465e-07,-2.70331975e-06,6.15923409e-06
8.98208583e-08,-9.6824273e-08,-4.51556116e-06,3.66645395e-06
8.99749253e-08,-2.31874722e-07,-3.91562253e-06,-2.26841053e-08
9.01289923e-08,-1.05402087e-08,-1.73494686e-06,-3.73038438e-06
9.02830593e-08,3.89284679e-07,7.1270108e-07,-5.92541573e-06
9.04371262e-08,7.02908608e-07,2.25062468e-06,-5.63387084e-06
9.05911932e-08,7.50959373e-07,2.29469833e-06,-3.04552759e-06
9.07452602e-08,5.08027085e-07,1.0135301e-06,5.52924007e-07
9.08993272e-08,5.83402766e-08,-8.50693539e-07,3.45366084e-06
9.10533942e-08,-4.7961197e-07,-2.4033086e-06,4.40071972e-06
9.12074611e-08,-9.7352472e-07,-3.02551121e-06,3.2040241e-06
9.13615281e-08,-1.26416421e-06,-2.57055672e-06,8.05509899e-07
9.15155951e-08,-1.19230072e-06,-1.28196029e-06,-1.24661096e-06
9.16696621e-08,-6.97780933e-07,4.06148786e-07,-1.68673932e-06
9.18237291e-08,7.05933587e-08,1.99552687e-06,-3.09471545e-07
9.1977796e-08,7.5872299e-07,2.95198288e-06,1.8582449e-06
9.21318559e-08,9.70080237e-07,2.77346726e-06,3.16865794e-06
9.22859229e-08,5.11980829e-07,1.21713811e-06,2.39502856e-06
9.24399899e-08,-4.4293796e-07,-1.38835776e-06,-4.77462208e-07
9.25940569e-08,-1.40662382e-06,-4.00848648e-06,-4.22759376e-06
9.27481238e-08,-1.82664701e-06,-5.20915546e-06,-7.12578367e-06
9.29021908e-08,-1.40050247e-06,-3.90460082e-06,-7.90652211e-06
9.30562578e-08,-2.61915915e-07,-1.65230972e-07,-6.38813754e-06
9.32103248e-08,1.07228232e-06,4.50109519e-06,-3.40078122e-06
9.33643918e-08,1.98029306e-06,7.76993329e-06,-1.56963551e-07
9.35184588e-08,2.07263838e-06,7.79219499e-06,2.47906928e-06
9.36725257e-08,1.39736687e-06,4.37065728e-06,4.29571492e-06
9.38265927e-08,3.80848377e-07,-8.13247652e-07,5.46202136e-06
9.39806597e-08,-4.47232651e-07,-5.13639634e-06,6.00572048e-06
9.41347267e-08,-7.7285614e-07,-6.53999587e-06,5.60882609e-06
9.42887937e-08,-6.55707538e-07,-4.62574917e-06,3.94881181e-06
9.44428606e-08,-4.3567249e-07,-7.07216032e-07,1.23745122e-06
9.45969276e-08,-4.60105611e-07,3.08542758e-06,-1.61627781e-06
9.47509946e-08,-8.16425541e-07,4.99793578e-06,-3.4436182e-06
9.49050616e-08,-1.25335339e-06,4.46491777e-06,-3.50809842e-06
9.50591286e-08,-1.34172512e-06,2.2014533e-06,-1.91375329e-06
9.52131956e-08,-7.67978918e-07,-3.55320651e-07,5.13531234e-07
9.53672554e-08,4.33624336e-07,-1.90263268e-06,2.70423106e-06
9.55213224e-08,1.86101238e-06,-1.96292899e-06,3.85370322e-06
9.56753894e-08,2.92668506e-06,-1.04471644e-06,3.76109256e-06
9.58294564e-08,3.12878456e-06,-2.07526824e-07,2.90758999e-06
9.59835234e-08,2.26211387e-06,-3.27854167e-07,2.22566973e-06
9.61375903e-08,5.11811891e-07,-1.5253828e-06,2.54103611e-06
9.62916573e-08,-1.58918738e-06,-3.08212611e-06,3.90552304e-06
9.64457243e-08,-3.32580771e-06,-3.88339095e-06,5.25697533e-06
9.65997913e-08,-4.05578112e-06,-3.14197973e-06,4.80935432e-06
9.67538583e-08,-3.47392347e-06,-1.01190062e-06,1.12811131e-06
9.69079252e-08,-1.75666923e-06,1.31106935e-06,-5.72585395e-06
9.70619922e-08,5.0301702e-07,2.20805259e-06,-1.37845027e-05
9.72160592e-08,2.54014276e-06,7.3393096e-07,-1.98859252e-05
9.73701262e-08,3.71314104e-06,-2.49287609e-06,-2.1187785e-05
9.75241932e-08,3.71209171e-06,-5.35343588e-06,-1.66454956e-05
9.76782601e-08,2.62334743e-06,-5.43050737e-06,-7.6488277e-06
9.78323271e-08,8.62782997e-07,-1.67986741e-06,2.54435281e-06
9.79863941e-08,-9.78579806e-07,4.59674948e-06,1.03050179e-05
9.81404611e-08,-2.3351613e-06,1.02833701e-05,1.33220028e-05
9.82945281e-08,-2.85927126e-06,1.22700458e-05,1.15865496e-05
9.84485951e-08,-2.52509813e-06,9.38128869e-06,7.12757173e-06
9.8602662e-08,-1.6021387e-06,3.10698465e-06,2.69020597e-06
9.87567219e-08,-5.06420292e-07,-3.35409118e-06,2.38508562e-07
9.89107889e-08,3.83877875e-07,-7.04976765e-06,2.34593017e-07
9.90648559e-08,8.6808592e-07,-6.90713432e-06,1.97074746e-06
9.92189229e-08,9.66103016e-07,-4.04956563e-06,4.41071234e-06
9.93729898e-08,8.75150761e-07,-7.74800924e-07,6.72805254e-06
9.95270568e-08,8.48882962e-07,9.71995973e-07,8.26155519e-06
9.96811238e-08,1.04445076e-06,6.29406259e-07,8.27489021e-06
9.98351908e-08,1.39774068e-06,-9.58552164e-07,6.06829917e-06
9.99892578e-08,1.62058313e-06,-2.33599462e-06,1.49420725e-06
