Time (s),Total E x (V/m),Total E y (V/m),Total E z (V/m)
0,0,0,0
1.54066648e-10,0,0,0
3.08133297e-10,0,0,0
4.62199973e-10,0,0,0
6.16266593e-10,0,0,0
7.70333297e-10,0,0,0
9.24399945e-10,0,0,0
1.07846654e-09,0,0,0
1.23253319e-09,0,0,0
1.38659983e-09,0,0,0
1.54066659e-09,0,0,0
1.69473324e-09,0,0,0
1.84879989e-09,0,0,0
2.00286654e-09,0,0,0
2.15693308e-09,0,0,0
2.31099984e-09,0,0,0
2.46506637e-09,0,0,0
2.61913313e-09,0,0,0
2.77319967e-09,0,0,0
2.92726643e-09,0,0,0
3.08133319e-09,0,0,0
3.23539973e-09,0,0,0
3.38946649e-09,0,0,0
3.54353302e-09,0,0,0
3.69759978e-09,0,0,0
3.85166654e-09,0,0,0
4.00573308e-09,0,0,0
4.15979962e-09,0,0,0
4.31386615e-09,0,0,0
4.46793313e-09,0,0,0
4.62199967e-09,0,0,0
4.77606621e-09,0,0,0
4.93013275e-09,0,0,0
5.08419973e-09,0,0,0
5.23826627e-09,0,0,0
5.3923328e-09,0,0,0
5.54639934e-09,0,0,0
5.70046632e-09,0,0,0
5.85453286e-09,0,0,0
6.0085994e-09,0,0,0
6.16266638e-09,0,0,0
6.31673291e-09,0,0,0
6.47079945e-09,0,0,0
6.62486599e-09,0,0,0
6.77893297e-09,0,0,0
6.93299951e-09,0,0,0
7.08706605e-09,0,0,0
7.24113258e-09,0,0,0
7.39519956e-09,0,0,0
7.5492661e-09,0,0,0
7.70333308e-09,0,0,0
7.85739918e-09,0,0,0
8.01146616e-09,0,0,0
8.16553225e-09,0,0,0
8.31959923e-09,0,0,0
8.47366621e-09,0,0,0
8.62773231e-09,0,0,0
8.78179929e-09,0,0,0
8.93586627e-09,0,0,0
9.08993236e-09,0,0,0
9.24399934e-09,0,0,0
9.39806633e-09,0,0,0
9.55213242e-09,0,0,0
9.7061994e-09,0,0,0
9.86026549e-09,0,0,0
1.00143325e-08,0,0,0
1.01683995e-08,0,0,0
1.03224655e-08,0,0,0
1.04765325e-08,0,0,0
1.06305995e-08,0,0,0
1.07846656e-08,0,0,0
1.09387326e-08,0,0,0
1.10927987e-08,0,0,0
1.12468657e-08,0,0,0
1.14009326e-08,0,0,0
1.15549987e-08,0,0,0
1.17090657e-08,0,0,0
1.18631327e-08,0,0,0
1.20171988e-08,0,0,0
1.21712658e-08,0,0,0
1.23253328e-08,0,0,0
1.24793988e-08,0,0,0
1.26334658e-08,0,0,0
1.27875319e-08,0,0,0
1.29415989e-08,0,0,0
1.30956659e-08,0,0,0
1.3249732e-08,0,0,0
1.3403799e-08,0,0,0
1.35578659e-08,0,0,0
1.3711932e-08,0,0,0
1.3865999e-08,0,0,0
1.40200651e-08,0,0,0
1.41741321e-08,0,0,0
1.43281991e-08,0,0,0
1.44822652e-08,0,0,0
1.46363321e-08,0,0,0
1.47903991e-08,0,0,0
1.49444652e-08,0,0,0
1.50985322e-08,0,0,0
1.52525992e-08,0,0,0
1.54066662e-08,0,0,0
1.55607314e-08,0,0,0
1.57147984e-08,0,0,0
1.58688653e-08,0,0,0
1.60229323e-08,0,0,0
1.61769993e-08,0,0,0
1.63310645e-08,0,0,0
1.64851315e-08,0,0,0
1.66391985e-08,0,0,0
1.67932654e-08,0,0,0
1.69473324e-08,0,0,0
1.71013994e-08,0,0,0
1.72554646e-08,0,0,0
1.74095316e-08,0,0,0
1.75635986e-08,0,0,0
1.77176656e-08,0,0,0
1.78717325e-08,0,0,0
1.80257977e-08,0,0,0
1.81798647e-08,0,0,0
1.83339317e-08,0,0,0
1.84879987e-08,0,0,0
1.86420657e-08,0,0,0
1.87961327e-08,0,0,0
1.89501979e-08,0,0,0
1.91042648e-08,0,0,0
1.92583318e-08,0,0,0
1.94123988e-08,0,0,0
1.95664658e-08,0,0,0
1.9720531e-08,0,0,0
1.9874598e-08,0,0,0
2.00286649e-08,0,0,0
2.01827319e-08,0,0,0
2.03367989e-08,0,0,0
2.04908659e-08,0,0,0
2.06449311e-08,0,0,0
2.07989981e-08,0,0,0
2.09530651e-08,0,0,0
2.1107132e-08,0,0,0
2.1261199e-08,0,0,0
2.14152642e-08,0,0,0
2.15693312e-08,0,0,0
2.17233982e-08,0,0,0
2.18774652e-08,0,0,0
2.20315322e-08,0,0,0
2.21855974e-08,0,0,0
2.23396643e-08,0,0,0
2.24937313e-08,0,0,0
2.26477983e-08,0,0,0
2.28018653e-08,0,0,0
2.29559323e-08,0,0,0
2.31099975e-08,0,0,0
2.32640645e-08,0,0,0
2.34181314e-08,0,0,0
2.35721984e-08,0,0,0
2.37262654e-08,0,0,0
2.38803306e-08,0,0,0
2.40343976e-08,0,0,0
2.41884646e-08,0,0,0
2.43425315e-08,0,0,0
2.44965985e-08,0,0,0
2.46506655e-08,0,0,0
2.48047307e-08,0,0,0
2.49587977e-08,0,0,0
2.51128647e-08,0,0,0
2.52669317e-08,0,0,0
2.54209986e-08,0,0,0
2.55750638e-08,0,0,0
2.57291308e-08,0,0,0
2.58831978e-08,0,0,0
2.60372648e-08,0,0,0
2.61913318e-08,0,0,0
2.63453988e-08,0,0,0
2.6499464e-08,0,0,0
2.66535309e-08,0,0,0
2.68075979e-08,0,0,0
2.69616649e-08,0,0,0
2.71157319e-08,0,0,0
2.72697971e-08,0,0,0
2.74238641e-08,0,0,0
2.7577931e-08,0,0,0
2.7731998e-08,0,0,0
2.7886065e-08,0,0,0
2.80401302e-08,0,0,0
2.81941972e-08,0,0,0
2.83482642e-08,0,0,0
2.85023312e-08,0,0,0
2.86563981e-08,0,0,0
2.88104651e-08,0,0,0
2.89645303e-08,0,0,0
2.91185973e-08,0,0,0
2.92726643e-08,0,0,0
2.94267313e-08,0,0,0
2.95807983e-08,0,0,0
2.97348635e-08,0,0,0
2.98889304e-08,0,0,0
3.00429974e-08,0,0,0
3.01970644e-08,0,0,0
3.03511314e-08,0,0,0
3.05051984e-08,0,0,0
3.06592653e-08,0,0,0
3.08133323e-08,0,0,0
3.09673958e-08,0,0,0
3.11214627e-08,0,0,0
3.12755297e-08,0,0,0
3.14295967e-08,0,0,0
3.15836637e-08,0,0,0
3.17377307e-08,0,0,0
3.18917976e-08,0,0,0
3.20458646e-08,0,0,0
3.21999316e-08,0,0,0
3.23539986e-08,0,0,0
3.25080656e-08,0,0,0
3.2662129e-08,0,0,0
3.2816196e-08,0,0,0
3.2970263e-08,0,0,0
3.31243299e-08,0,0,0
3.32783969e-08,0,0,0
3.34324639e-08,0,0,0
3.35865309e-08,0,0,0
3.37405979e-08,0,0,0
3.38946649e-08,0,0,0
3.40487318e-08,0,0,0
3.42027988e-08,0,0,0
3.43568622e-08,0,0,0
3.45109292e-08,0,0,0
3.46649962e-08,0,0,0
3.48190632e-08,0,0,0
3.49731302e-08,0,0,0
3.51271972e-08,0,0,0
3.52812641e-08,0,0,0
3.54353311e-08,0,0,0
3.55893981e-08,0,0,0
3.57434651e-08,0,0,0
3.58975321e-08,0,0,0
3.60515955e-08,0,0,0
3.62056625e-08,0,0,0
3.63597294e-08,0,0,0
3.65137964e-08,0,0,0
3.66678634e-08,0,0,0
3.68219304e-08,0,0,0
3.69759974e-08,0,0,0
3.71300644e-08,0,0,0
3.72841313e-08,0,0,0
3.74381983e-08,0,0,0
3.75922653e-08,0,0,0
3.77463287e-08,0,0,0
3.79003957e-08,0,0,0
3.80544627e-08,0,0,0
3.82085297e-08,0,0,0
3.83625967e-08,0,0,0
3.85166636e-08,0,0,0
3.86707306e-08,0,0,0
3.88247976e-08,0,0,0
3.89788646e-08,0,0,0
3.91329316e-08,0,0,0
3.92869985e-08,0,0,0
3.9441062e-08,0,0,0
3.9595129e-08,0,0,0
3.97491959e-08,0,0,0
3.99032629e-08,0,0,0
4.00573299e-08,0,0,0
4.02113969e-08,0,0,0
4.03654639e-08,0,0,0
4.05195308e-08,0,0,0
4.06735978e-08,0,0,0
4.08276648e-08,0,0,0
4.09817318e-08,0,0,0
4.11357952e-08,0,0,0
4.12898622e-08,0,0,0
4.14439292e-08,0,0,-7.38656213e-36
4.15979962e-08,0,-2.35259403e-36,-4.60107499e-34
4.17520631e-08,0,-4.86250183e-35,-7.59351645e-33
4.19061301e-08,-1.01232859e-36,-7.23877641e-34,-1.15835776e-31
4.20601971e-08,-4.41396923e-35,-1.03871126e-32,-1.68111077e-30
4.22142641e-08,-8.87111607e-34,-1.41226477e-31,-2.31210267e-29
4.23683311e-08,-1.14771375e-32,-1.81864982e-30,-3.0120656e-28
4.2522398e-08,-1.38520431e-31,-2.2174372e-29,-3.71552061e-27
4.26764615e-08,-1.57749499e-30,-2.55895688e-28,-4.33827923e-26
4.28305285e-08,-1.69411448e-29,-2.79392384e-27,-4.79285656e-25
4.29845954e-08,-1.71509514e-28,-2.88489422e-26,-5.00817773e-24
4.31386624e-08,-1.63394664e-27,-2.81604386e-25,-4.94762074e-23
4.32927294e-08,-1.46424864e-26,-2.59742136e-24,-4.61915446e-22
4.34467964e-08,-1.2327734e-25,-2.26283268e-23,-4.07373648e-21
4.36008634e-08,-9.73854112e-25,-1.86110248e-22,-3.39236204e-20
4.37549303e-08,-7.20619704e-24,-1.44450696e-21,-2.66628953e-19
4.39089973e-08,-4.97898869e-23,-1.05757263e-20,-1.97711821e-18
4.40630643e-08,-3.2073638e-22,-7.30092744e-20,-1.38265911e-17
4.42171313e-08,-1.91959075e-21,-4.75073194e-19,-9.11615305e-17
4.43711947e-08,-1.0641324e-20,-2.91303233e-18,-5.66510246e-16
4.45252617e-08,-5.41055995e-20,-1.68285495e-17,-3.31763387e-15
4.46793287e-08,-2.49900207e-19,-9.158643e-17,-1.83084105e-14
4.48333957e-08,-1.02963389e-18,-4.69610207e-16,-9.52175283e-14
4.49874626e-08,-3.65204997e-18,-2.26934801e-15,-4.66820322e-13
4.51415296e-08,-1.00626737e-17,-1.03400708e-14,-2.15856131e-12
4.52955966e-08,-1.22020191e-17,-4.4455457e-14,-9.42057543e-12
4.54496636e-08,8.66138834e-17,-1.80530111e-13,-3.88424674e-11
4.56037306e-08,8.87334987e-16,-6.93227051e-13,-1.51481369e-10
4.57577976e-08,5.39874237e-15,-2.52056969e-12,-5.59499613e-10
4.59118645e-08,2.6597541e-14,-8.68918132e-12,-1.95976102e-09
4.6065928e-08,1.147195e-13,-2.8431103e-11,-6.5176069e-09
4.62199949e-08,4.49991471e-13,-8.83647461e-11,-2.05990016e-08
4.63740619e-08,1.62123006e-12,-2.60957728e-10,-6.18979143e-08
4.65281289e-08,5.46306837e-12,-7.31990357e-10,-1.76824244e-07
4.66821959e-08,1.71912276e-11,-1.94847205e-09,-4.79911535e-07
4.68362629e-08,5.08092665e-11,-4.91449237e-09,-1.23600944e-06
4.69903298e-08,1.41358578e-10,-1.17215624e-08,-3.0158717e-06
4.71443968e-08,3.70101699e-10,-2.63714686e-08,-6.95747622e-06
4.72984638e-08,9.11683729e-10,-5.58072593e-08,-1.51386685e-05
4.74525308e-08,2.10697881e-09,-1.10685164e-07,-3.09791794e-05
4.76065978e-08,4.56542715e-09,-2.04828609e-07,-5.94115554e-05
4.77606612e-08,9.2471284e-09,-3.51553496e-07,-0.000106304942
4.79147282e-08,1.74618879e-08,-5.54886924e-07,-0.000176420057
4.80687952e-08,3.0604852e-08,-7.95073447e-07,-0.00026931442
4.82228621e-08,4.9586621e-08,-1.01157821e-06,-0.000373500719
4.83769291e-08,7.37852943e-08,-1.09322241e-06,-0.000460980169
4.85309961e-08,9.98570187e-08,-8.89838361e-07,-0.000486493256
4.86850631e-08,1.21373276e-07,-2.59320927e-07,-0.000396796677
4.88391301e-08,1.2943562e-07,8.4983219e-07,-0.000152662076
4.89931971e-08,1.15251027e-07,2.30486512e-06,0.000241149013
4.9147264e-08,7.30557375e-08,3.73131229e-06,0.000712574518
4.9301331e-08,1.41814471e-09,4.54506562e-06,0.00112558866
4.94553944e-08,-9.96992426e-08,4.10197208e-06,0.00132266176
4.96094614e-08,-2.3347468e-07,1.94904396e-06,0.00119663065
4.97635284e-08,-4.07930202e-07,-1.8849787e-06,0.000756478286
4.99175954e-08,-6.24626011e-07,-6.6493235e-06,0.000142777426
5.00716624e-08,-8.53341703e-07,-1.08105205e-05,-0.000428425672
5.02257294e-08,-1.00620446e-06,-1.23421223e-05,-0.000768571801
5.03797963e-08,-9.41167059e-07,-9.49221339e-06,-0.000805592455
5.05338633e-08,-5.16994021e-07,-1.91207937e-06,-0.000603945227
5.06879303e-08,3.0453873e-07,8.42748796e-06,-0.000308336108
5.08419973e-08,1.35650396e-06,1.73907483e-05,-5.60558401e-05
5.09960643e-08,2.24795167e-06,2.04246644e-05,8.29191704e-05
5.11501277e-08,2.4905853e-06,1.52826342e-05,0.000110708912
5.13041947e-08,1.76464994e-06,3.95395182e-06,6.83761973e-05
5.14582617e-08,2.04645787e-07,-7.9316751e-06,4.60405317e-07
5.16123286e-08,-1.5021767e-06,-1.43238349e-05,-6.1834231e-05
5.17663956e-08,-2.37691916e-06,-1.25250799e-05,-0.000101393613
5.19204626e-08,-1.73509704e-06,-4.77450249e-06,-0.000111425637
5.20745296e-08,2.35858607e-07,3.5153123e-06,-9.29524322e-05
5.22285966e-08,2.37489076e-06,7.42658449e-06,-5.29283971e-05
5.23826635e-08,3.15791453e-06,5.39027951e-06,-2.20934498e-06
5.25367305e-08,1.71337558e-06,-5.03542822e-07,4.59507937e-05
5.26907975e-08,-1.47517301e-06,-6.38370602e-06,7.76152883e-05
5.28448609e-08,-4.75821571e-06,-9.02222928e-06,8.22298098e-05
5.29989279e-08,-6.32234878e-06,-7.3680435e-06,5.85081143e-05
5.31529949e-08,-5.29330373e-06,-2.70898863e-06,1.74811739e-05
5.33070619e-08,-2.1616022e-06,2.31646004e-06,-2.17865399e-05
5.34611289e-08,1.68039651e-06,5.30029502e-06,-4.25856742e-05
5.36151958e-08,4.83675467e-06,5.45581725e-06,-4.01466532e-05
5.37692628e-08,6.56687598e-06,3.96570158e-06,-2.34489362e-05
5.39233298e-08,6.85548139e-06,2.92270806e-06,-7.94242624e-06
5.40773968e-08,6.04806019e-06,3.52354095e-06,-4.50890047e-06
5.42314638e-08,4.4558833e-06,4.90622824e-06,-1.23949558e-05
5.43855272e-08,2.22065637e-06,4.68321787e-06,-2.08060228e-05
5.45395942e-08,-5.47898651e-07,8.70273766e-07,-1.7641687e-05
5.46936612e-08,-3.53297673e-06,-6.27791906e-06,1.09770531e-06
5.48477281e-08,-6.07499078e-06,-1.39941667e-05,2.79718261e-05
5.50017951e-08,-7.2875946e-06,-1.85228619e-05,4.89593949e-05
5.51558621e-08,-6.47359502e-06,-1.73380849e-05,5.27018892e-05
5.53099291e-08,-3.69939153e-06,-1.05588097e-05,3.7416401e-05
5.54639961e-08,-1.55463425e-07,-7.52085384e-07,1.11042109e-05
5.5618063e-08,2.14659781e-06,8.59958891e-06,-1.41906985e-05
5.577213e-08,1.45706508e-06,1.49597709e-05,-2.94280835e-05
5.5926197e-08,-2.38065923e-06,1.78035862e-05,-3.2282951e-05
5.60802604e-08,-7.34281093e-06,1.82552812e-05,-2.61496534e-05
5.62343274e-08,-1.009266e-05,1.75854238e-05,-1.64637204e-05
5.63883944e-08,-8.00279122e-06,1.5732563e-05,-7.49483979e-06
5.65424614e-08,-1.0316196e-06,1.1150878e-05,-1.27639089e-06
5.66965284e-08,7.93553227e-06,2.33100536e-06,1.87456499e-06
5.68505953e-08,1.46528328e-05,-1.01133492e-05,2.71689419e-06
5.70046623e-08,1.5983831e-05,-2.26226839e-05,2.87000375e-06
5.71587293e-08,1.16392994e-05,-3.01491491e-05,4.23150868e-06
5.73127963e-08,4.130663e-06,-2.91001525e-05,7.42765587e-06
5.74668633e-08,-2.84846305e-06,-1.96737255e-05,1.02655395e-05
5.76209302e-08,-6.43982412e-06,-5.8361893e-06,8.27403437e-06
5.77749937e-08,-5.83033579e-06,7.04288459e-06,-1.88942056e-06
5.79290607e-08,-2.18278524e-06,1.51489166e-05,-1.83322736e-05
5.80831276e-08,2.33975265e-06,1.77387756e-05,-3.29381073e-05
5.82371946e-08,5.6933136e-06,1.65129204e-05,-3.54239273e-05
5.83912616e-08,6.65710058e-06,1.38105843e-05,-2.02228202e-05
5.85453286e-08,5.02973853e-06,1.11945519e-05,8.84716428e-06
5.86993956e-08,1.52428356e-06,9.16618956e-06,3.98073425e-05
5.88534625e-08,-2.47414482e-06,7.5723483e-06,5.89557567e-05
5.90075295e-08,-5.33501589e-06,5.92883862e-06,5.81386048e-05
5.91615965e-08,-5.85105226e-06,3.49672246e-06,3.83235383e-05
5.93156635e-08,-3.93451364e-06,-4.54340068e-07,8.0244763e-06
5.94697269e-08,-8.52415894e-07,-5.97819781e-06,-2.15144119e-05
5.96237939e-08,1.35086748e-06,-1.18811295e-05,-4.12084919e-05
5.97778609e-08,1.03270736e-06,-1.6024549e-05,-4.69315382e-05
5.99319279e-08,-2.01864805e-06,-1.66102855e-05,-3.9722745e-05
6.00859948e-08,-6.42410032e-06,-1.35688351e-05,-2.40001627e-05
6.02400618e-08,-1.00148727e-05,-8.86073394e-06,-4.86160388e-06
6.03941288e-08,-1.09885696e-05,-5.27182829e-06,1.40978036e-05
6.05481958e-08,-8.66958908e-06,-4.50476546e-06,3.11163712e-05
6.07022628e-08,-3.59059686e-06,-5.95835581e-06,4.45832338e-05
6.08563298e-08,2.83001032e-06,-7.08234256e-06,5.10546342e-05
6.10103967e-08,8.65762286e-06,-5.04522723e-06,4.54994879e-05
6.11644637e-08,1.18494936e-05,1.38009034e-06,2.46737272e-05
6.13185307e-08,1.09349348e-05,1.0832995e-05,-8.59209831e-06
6.14725977e-08,5.90470472e-06,1.98068938e-05,-4.41483644e-05
6.16266647e-08,-1.27493126e-06,2.43168324e-05,-6.84291008e-05
6.17807316e-08,-7.21324886e-06,2.19981939e-05,-7.15411734e-05
6.19347915e-08,-8.75097157e-06,1.35210576e-05,-5.27369994e-05
6.20888585e-08,-4.83906979e-06,2.39693645e-06,-2.05787182e-05
6.22429255e-08,2.62421418e-06,-6.86426438e-06,1.19935667e-05
6.23969925e-08,9.69498433e-06,-1.11660311e-05,3.41099148e-05
6.25510594e-08,1.2574912e-05,-1.02548365e-05,4.10783359e-05
6.27051264e-08,9.75457715e-06,-6.3278344e-06,3.46510424e-05
6.28591934e-08,2.7751189e-06,-2.31865852e-06,2.05250162e-05
6.30132604e-08,-4.79069149e-06,-1.89243963e-07,5.17058288e-06
6.31673274e-08,-9.39431175e-06,-2.41024878e-07,-6.4793544e-06
6.33213944e-08,-9.29186626e-06,-1.52860866e-06,-1.20470668e-05
6.34754613e-08,-5.11695634e-06,-2.75327852e-06,-1.16670362e-05
6.36295283e-08,7.97633959e-07,-3.01067689e-06,-7.31980708e-06
6.37835953e-08,5.71960481e-06,-2.10040662e-06,-1.82316671e-06
6.39376623e-08,7.71389932e-06,-4.50434868e-07,2.29440184e-06
6.40917293e-08,6.30495106e-06,1.20364894e-06,3.77917763e-06
6.42457962e-08,2.47337562e-06,2.19956905e-06,3.05792537e-06
6.43998632e-08,-1.9452043e-06,2.23117991e-06,1.72609418e-06
6.45539302e-08,-5.20064032e-06,1.41733244e-06,1.29236332e-06
6.47079972e-08,-6.45014006e-06,1.75469012e-07,2.02975161e-06
6.48620642e-08,-6.00341309e-06,-9.94388415e-07,2.8962304e-06
6.50161311e-08,-4.84553948e-06,-1.6929871e-06,2.63893457e-06
6.51701981e-08,-3.79321591e-06,-1.72811542e-06,1.10972587e-06
6.5324258e-08,-2.91023525e-06,-1.14694467e-06,-4.94513188e-07
6.5478325e-08,-1.62303877e-06,-2.09026737e-07,-7.59296768e-07
6.5632392e-08,5.77056539e-07,7.09639778e-07,5.31106139e-07
6.57864589e-08,3.44601131e-06,1.27585315e-06,2.09716177e-06
6.59405259e-08,5.90962736e-06,1.3524301e-06,2.35174707e-06
6.60945929e-08,6.71330781e-06,1.04510229e-06,9.30351916e-07
6.62486599e-08,5.31188471e-06,6.05650314e-07,-9.1679442e-07
6.64027269e-08,2.32261641e-06,2.57155648e-07,-1.48804963e-06
6.65567939e-08,-8.06256935e-07,7.72570701e-08,-2.88552144e-07
6.67108608e-08,-2.6618527e-06,7.40598516e-09,1.31434115e-06
6.68649278e-08,-2.65051904e-06,-4.98740249e-08,1.05799268e-06
6.70189948e-08,-1.1945267e-06,-1.51438627e-07,-2.36502592e-06
6.71730618e-08,7.04887043e-07,-2.99133319e-07,-7.98931978e-06
6.73271288e-08,2.1328965e-06,-4.5889675e-07,-1.28288048e-05
6.74811957e-08,2.67730843e-06,-5.65040693e-07,-1.36267554e-05
6.76352627e-08,2.40428221e-06,-5.1268546e-07,-8.98147664e-06
6.77893297e-08,1.57995169e-06,-1.86213271e-07,-3.97772965e-07
6.79433967e-08,4.64912432e-07,4.48094738e-07,8.52639369e-06
6.80974637e-08,-7.02181069e-07,1.23759719e-06,1.42733079e-05
6.82515306e-08,-1.66724203e-06,1.83472719e-06,1.54097288e-05
6.84055976e-08,-2.26338238e-06,1.83851614e-06,1.29966293e-05
6.85596646e-08,-2.62183266e-06,1.03886566e-06,9.2128339e-06
6.87137245e-08,-3.22583401e-06,-3.95740898e-07,5.42314638e-06
6.88677915e-08,-4.5878387e-06,-1.92371954e-06,1.3193121e-06
6.90218585e-08,-6.66251617e-06,-2.86463751e-06,-4.19549906e-06
6.91759254e-08,-8.46549574e-06,-2.74708532e-06,-1.12588277e-05
6.93299924e-08,-8.36563777e-06,-1.57850513e-06,-1.80466886e-05
6.94840594e-08,-5.07312279e-06,1.2587769e-07,-2.14961383e-05
6.96381264e-08,1.26401619e-06,1.59086972e-06,-1.92456937e-05
6.97921934e-08,8.68640745e-06,2.18871355e-06,-1.13051383e-05
6.99462603e-08,1.42148128e-05,1.76938829e-06,-2.27591272e-07
7.01003273e-08,1.54321897e-05,7.10136874e-07,1.02530594e-05
7.02543943e-08,1.18619819e-05,-3.57188725e-07,1.70856783e-05
7.04084613e-08,5.23225071e-06,-9.49199318e-07,1.90825504e-05
7.05625283e-08,-1.5218568e-06,-9.84874646e-07,1.69062569e-05
7.07165952e-08,-5.82133271e-06,-7.24412189e-07,1.21837511e-05
7.08706622e-08,-6.59670332e-06,-4.86086776e-07,6.51128721e-06
7.10247292e-08,-4.47089587e-06,-3.92510799e-07,9.62178774e-07
7.11787962e-08,-1.11033569e-06,-3.30793739e-07,-3.76355001e-06
7.13328632e-08,1.71071542e-06,-1.05411416e-07,-6.89817807e-06
7.14869302e-08,2.83979807e-06,3.76876898e-07,-7.44794352e-06
7.16409971e-08,2.05193442e-06,1.03087473e-06,-4.65817129e-06
7.17950641e-08,-6.94140567e-08,1.63860796e-06,1.11880399e-06
7.1949124e-08,-2.56299313e-06,1.94567542e-06,7.84401072e-06
7.2103191e-08,-4.60211004e-06,1.75361504e-06,1.22087486e-05
7.2257258e-08,-5.79423522e-06,9.91897309e-07,1.11525496e-05
7.24113249e-08,-6.10388088e-06,-2.25393279e-07,3.74553019e-06
7.25653919e-08,-5.54855524e-06,-1.58615899e-06,-7.77822788e-06
7.27194589e-08,-4.02541082e-06,-2.64967639e-06,-1.87358037e-05
7.28735259e-08,-1.47175592e-06,-3.00835609e-06,-2.43250142e-05
7.30275929e-08,1.80833035e-06,-2.47852336e-06,-2.22810158e-05
7.31816598e-08,5.02601279e-06,-1.21387654e-06,-1.41380997e-05
7.33357268e-08,7.1954164e-06,3.44768807e-07,-4.16516832e-06
7.34897938e-08,7.65162986e-06,1.66234804e-06,3.38694758e-06
7.36438608e-08,6.41632278e-06,2.34019217e-06,6.80412859e-06
7.37979278e-08,4.14185615e-06,2.26461793e-06,7.44501949e-06
7.39519948e-08,1.68577969e-06,1.60520472e-06,8.06029766e-06
7.41060617e-08,-3.67136408e-07,6.92347726e-07,1.03544508e-05
7.42601287e-08,-1.89672119e-06,-1.49181659e-07,1.36988765e-05
7.44141957e-08,-3.05442632e-06,-7.30518479e-07,1.58050425e-05
7.45682627e-08,-3.91005369e-06,-1.02665228e-06,1.45416498e-05
7.47223297e-08,-4.29233842e-06,-1.10328187e-06,9.34618492e-06
7.48763966e-08,-3.96453925e-06,-1.00603279e-06,1.29873479e-06
7.50304636e-08,-2.92811069e-06,-7.10797565e-07,-7.79882066e-06
7.51845306e-08,-1.50983772e-06,-1.86461079e-07,-1.62720353e-05
7.53385905e-08,-1.23390862e-07,4.87287764e-07,-2.26460616e-05
7.54926575e-08,1.03721527e-06,1.07004348e-06,-2.52251739e-05
7.56467244e-08,2.03229615e-06,1.26714576e-06,-2.21199698e-05
7.58007914e-08,2.90483649e-06,9.30119597e-07,-1.2300874e-05
7.59548584e-08,3.42254248e-06,1.90234971e-07,2.843625e-06
7.61089254e-08,3.16503292e-06,-6.03833996e-07,1.88397007e-05
7.62629924e-08,1.91859704e-06,-1.10229087e-06,2.94902657e-05
7.64170593e-08,-1.05749223e-08,-1.15734088e-06,2.99736039e-05
7.65711263e-08,-1.90005767e-06,-8.64179981e-07,1.98302769e-05
7.67251933e-08,-3.06783568e-06,-4.4143431e-07,3.69276609e-06
7.68792603e-08,-3.27948374e-06,-7.14032495e-08,-1.1019396e-05
7.70333273e-08,-2.77551544e-06,1.82878679e-07,-1.80938241e-05
7.71873943e-08,-1.96975407e-06,3.59943414e-07,-1.56729202e-05
7.73414612e-08,-1.13707677e-06,5.24526911e-07,-6.67680797e-06
7.74955282e-08,-3.40877023e-07,6.97573057e-07,3.42680278e-06
7.76495952e-08,4.37884353e-07,8.28717134e-07,9.81632365e-06
7.78036622e-08,1.17254638e-06,8.253283e-07,1.05170939e-05
7.79577292e-08,1.78316236e-06,6.23988456e-07,6.66950382e-06
7.81117961e-08,2.20166021e-06,2.52108805e-07,1.24332178e-06
7.82658631e-08,2.40476447e-06,-1.77145139e-07,-2.74643935e-06
7.84199301e-08,2.39238761e-06,-5.3894621e-07,-3.62049764e-06
7.85739971e-08,2.16137778e-06,-7.78826973e-07,-1.61078106e-06
7.8728057e-08,1.70317526e-06,-9.18176113e-07,1.3658663e-06
7.88821239e-08,1.00419061e-06,-9.80339792e-07,2.65519384e-06
7.90361909e-08,4.56774245e-08,-9.18127341e-07,3.42952035e-07
7.91902579e-08,-1.14671161e-06,-6.26190342e-07,-5.3070853e-06
7.93443249e-08,-2.38279358e-06,-4.88747389e-08,-1.14200975e-05
7.94983919e-08,-3.22051278e-06,7.13004226e-07,-1.38197593e-05
7.96524589e-08,-3.08141625e-06,1.39936947e-06,-9.66828793e-06
7.98065258e-08,-1.61622665e-06,1.71715885e-06,2.45558454e-07
7.99605928e-08,8.9698807e-07,1.51185543e-06,1.13729475e-05
8.01146598e-08,3.47577839e-06,8.61845422e-07,1.78480004e-05
8.02687268e-08,4.85399505e-06,3.04500247e-08,1.59907358e-05
8.04227938e-08,4.18980198e-06,-6.83043822e-07,6.54055839e-06
8.05768607e-08,1.58993214e-06,-1.08960626e-06,-5.78267191e-06
8.07309277e-08,-1.91610957e-06,-1.15986643e-06,-1.4972512e-05
8.08849947e-08,-4.92409981e-06,-9.73904321e-07,-1.69458872e-05
8.10390617e-08,-6.35361221e-06,-6.44498471e-07,-1.14878549e-05
8.11931287e-08,-5.88075318e-06,-2.80612596e-07,-2.08015877e-06
8.13471956e-08,-3.92859511e-06,1.30887958e-08,6.09446261e-06
8.15012626e-08,-1.32923356e-06,1.5073843e-07,8.88133127e-06
8.16553296e-08,1.09089319e-06,1.19385007e-07,5.2468622e-06
8.18093966e-08,2.78302559e-06,1.79606872e-08,-2.30963269e-06
8.19634636e-08,3.52445886e-06,1.51213388e-08,-9.23305379e-06
8.21175234e-08,3.31634487e-06,2.25415747e-07,-1.14556915e-05
8.22715904e-08,2.28738645e-06,6.02434682e-07,-7.57895623e-06
8.24256574e-08,7.07920208e-07,9.38728078e-07,5.25232736e-07
8.25797244e-08,-9.42581892e-07,9.87206931e-07,8.90790579e-06
8.27337914e-08,-2.02349588e-06,6.14805117e-07,1.37158959e-05
8.28878584e-08,-1.98079601e-06,-1.06059836e-07,1.30703311e-05
8.30419253e-08,-6.70872168e-07,-9.18736475e-07,7.7343384e-06
8.31959923e-08,1.49321295e-06,-1.49761183e-06,4.19521939e-07
8.33500593e-08,3.71225497e-06,-1.60776301e-06,-5.70495877e-06
8.35041263e-08,5.17835861e-06,-1.22833467e-06,-8.46344301e-06
8.36581933e-08,5.40444626e-06,-5.65695416e-07,-7.41596705e-06
8.38122602e-08,4.32631441e-06,7.06686762e-08,-3.6880831e-06
8.39663272e-08,2.2009865e-06,4.61774562e-07,8.22676952e-07
8.41203942e-08,-5.52684753e-07,6.07322477e-07,4.34347248e-06
8.42744612e-08,-3.4529894e-06,6.8819719e-07,5.81233826e-06
8.44285282e-08,-5.99189525e-06,8.92294565e-07,5.07004097e-06
8.45825952e-08,-7.67890288e-06,1.24266239e-06,2.80353652e-06
8.47366621e-08,-8.13898532e-06,1.56057524e-06,3.27195124e-07
8.48907291e-08,-7.22749655e-06,1.58750765e-06,-8.9501259e-07
8.50447961e-08,-5.07884306e-06,1.17046432e-06,-6.11267126e-09
8.51988631e-08,-2.04098433e-06,3.76238575e-07,2.57895567e-06
8.5352923e-08,1.4452196e-06,-5.42096871e-07,5.22368055e-06
8.55069899e-08,4.90987713e-06,-1.29503246e-06,6.06006552e-06
8.56610569e-08,7.81697781e-06,-1.71230715e-06,4.28041767e-06
8.58151239e-08,9.52561004e-06,-1.79520475e-06,6.58762247e-07
8.59691909e-08,9.40174505e-06,-1.63637412e-06,-3.18184334e-06
8.61232579e-08,7.1135114e-06,-1.28608792e-06,-6.08195296e-06
8.62773248e-08,2.94136589e-06,-6.97941516e-07,-8.00994167e-06
8.64313918e-08,-2.13328053e-06,1.81691348e-07,-9.49433343e-06
8.65854588e-08,-6.67423092e-06,1.25303552e-06,-1.04916953e-05
8.67395258e-08,-9.28052123e-06,2.18699392e-06,-9.93843423e-06
8.68935928e-08,-9.10532435e-06,2.53849203e-06,-6.57834426e-06
8.70476597e-08,-6.19462935e-06,2.01193006e-06,-3.85773717e-07
8.72017267e-08,-1.51742188e-06,6.91565333e-07,6.76446098e-06
8.73557937e-08,3.34634342e-06,-9.37260836e-07,1.19318265e-05
8.75098607e-08,6.77058324e-06,-2.22055064e-06,1.29240671e-05
8.76639277e-08,7.6907927e-06,-2.67877954e-06,9.7014281e-06
8.78179947e-08,5.99041869e-06,-2.24455107e-06,4.31224635e-06
8.79720616e-08,2.4851438e-06,-1.24357825e-06,-5.28540056e-07
8.81261286e-08,-1.48713616e-06,-1.61735315e-07,-3.06357811e-06
8.82801956e-08,-4.64752202e-06,6.30078716e-07,-3.18017169e-06
8.84342626e-08,-6.23323285e-06,1.01440196e-06,-1.88037018e-06
8.85883296e-08,-6.12036865e-06,1.08444317e-06,-2.51616882e-07
8.87423894e-08,-4.62602975e-06,1.00965144e-06,1.1293987e-06
8.88964564e-08,-2.20717811e-06,9.20490891e-07,2.01695116e-06
8.90505234e-08,6.96757411e-07,8.59267914e-07,1.99581223e-06
8.92045904e-08,3.60456602e-06,7.77866433e-07,3.69484212e-07
8.93586574e-08,5.88213879e-06,5.69925248e-07,-3.28841406e-06
8.95127243e-08,6.82640894e-06,1.47698302e-07,-8.36977688e-06
8.96667913e-08,6.00510702e-06,-4.50054131e-07,-1.29973141e-05
8.98208583e-08,3.61875618e-06,-1.00789305e-06,-1.47049686e-05
8.99749253e-08,5.42796556e-07,-1.22179324e-06,-1.17344489e-05
9.01289923e-08,-2.080267e-06,-9.13513418e-07,-4.16558578e-06
9.02830593e-08,-3.45832132e-06,-2.05411396e-07,5.8188516e-06
9.04371262e-08,-3.54118856e-06,5.08566359e-07,1.47539777e-05
9.05911932e-08,-2.90992307e-06,8.15010935e-07,1.94082222e-05
9.07452602e-08,-2.26613588e-06,5.68557709e-07,1.82190452e-05
9.08993272e-08,-1.92138509e-06,-4.84011053e-09,1.19051811e-05
9.10533942e-08,-1.66219741e-06,-4.75166587e-07,2.98210853e-06
9.12074611e-08,-1.05294612e-06,-5.06383401e-07,-5.47287846e-06
9.13615281e-08,9.65652873e-08,-7.18618409e-08,-1.10654837e-05
9.15155951e-08,1.48788695e-06,5.53836742e-07,-1.27522117e-05
9.16696621e-08,2.49497953e-06,9.85261408e-07,-1.08038375e-05
9.18237291e-08,2.58379623e-06,9.55730798e-07,-6.35304241e-06
9.1977796e-08,1.66139773e-06,4.43875933e-07,-8.65669506e-07
9.21318559e-08,1.21289247e-07,-3.40857866e-07,4.25105736e-06
9.22859229e-08,-1.40426937e-06,-1.07597555e-06,7.87820227e-06
9.24399899e-08,-2.38300572e-06,-1.46716934e-06,9.28729241e-06
9.25940569e-08,-2.60677984e-06,-1.364583e-06,8.22162292e-06
9.27481238e-08,-2.20488187e-06,-8.18666024e-07,5.01818158e-06
9.29021908e-08,-1.48210961e-06,-6.17753244e-08,7.22517825e-07
9.30562578e-08,-6.96880875e-07,5.85992098e-07,-3.03281672e-06
9.32103248e-08,8.3980126e-08,8.61563763e-07,-4.55306326e-06
9.33643918e-08,9.70161864e-07,6.91640707e-07,-2.89038167e-06
9.35184588e-08,2.09019072e-06,2.39594158e-07,1.51516178e-06
9.36725257e-08,3.42492285e-06,-1.77169184e-07,6.82538212e-06
9.38265927e-08,4.76883906e-06,-2.66816812e-07,1.05308673e-05
9.39806597e-08,5.83395195e-06,5.66176404e-08,1.05791296e-05
9.41347267e-08,6.36092136e-06,6.15301417e-07,6.34718799e-06
9.42887937e-08,6.10781854e-06,1.07397284e-06,-9.85950805e-07
9.44428606e-08,4.77021058e-06,1.151986e-06,-8.85203917e-06
9.45969276e-08,2.03801983e-06,7.93320908e-07,-1.43596681e-05
9.47509946e-08,-2.09641621e-06,1.7768518e-07,-1.56143687e-05
9.49050616e-08,-6.98015037e-06,-4.25866688e-07,-1.26859768e-05
9.50591286e-08,-1.12822781e-05,-8.37473522e-07,-7.64261677e-06
9.52131956e-08,-1.35121882e-05,-1.03624791e-06,-3.46212119e-06
9.53672554e-08,-1.28090478e-05,-1.08958159e-06,-2.27936653e-06
9.55213224e-08,-9.43541272e-06,-1.03940522e-06,-3.97252234e-06
9.56753894e-08,-4.59026478e-06,-8.59648708e-07,-6.10571487e-06
9.58294564e-08,3.06573384e-07,-5.22277787e-07,-5.49176275e-06
9.59835234e-08,4.29255306e-06,-7.60656391e-08,-5.18132254e-07
9.61375903e-08,7.02510715e-06,3.48470593e-07,7.36407992e-06
9.62916573e-08,8.45744216e-06,6.17292244e-07,1.41983601e-05
9.64457243e-08,8.49216758e-06,6.71227269e-07,1.59387819e-05
9.65997913e-08,7.02194438e-06,5.3295156e-07,1.11186655e-05
9.67538583e-08,4.28905605e-06,2.57771717e-07,1.90112019e-06
9.69079252e-08,1.10735755e-06,-9.53451718e-08,-7.20946537e-06
9.70619922e-08,-1.40302063e-06,-4.43431475e-07,-1.20328905e-05
9.72160592e-08,-2.42583428e-06,-6.55013139e-07,-1.09397852e-05
9.73701262e-08,-1.91429763e-06,-5.82561995e-07,-5.31298929e-06
9.75241932e-08,-5.60440355e-07,-1.60420285e-07,1.76743652e-06
9.76782601e-08,6.63118158e-07,5.164664e-07,7.47086278e-06
9.78323271e-08,1.03398793e-06,1.21249309e-06,1.0458315e-05
9.79863941e-08,3.9081965e-07,1.67178314e-06,1.08126724e-05
9.81404611e-08,-8.54285872e-07,1.75177024e-06,9.12295036e-06
9.82945281e-08,-1.94462359e-06,1.47084836e-06,5.73797752e-06
9.84485951e-08,-2.16192461e-06,9.49365244e-07,8.47386502e-07
9.8602662e-08,-1.23520442e-06,3.08490996e-07,-4.84275233e-06
9.87567219e-08,4.38666433e-07,-3.82073864e-07,-9.68146196e-06
9.89107889e-08,1.94950644e-06,-1.07399592e-06,-1.15126331e-05
9.90648559e-08,2.38826487e-06,-1.67516373e-06,-8.85085228e-06
9.92189229e-08,1.42932652e-06,-2.0288976e-06,-2.02945739e-06
9.93729898e-08,-4.25718724e-07,-1.97564827e-06,6.49752928e-06
9.95270568e-08,-2.14869146e-06,-1.46339789e-06,1.30522221e-05
9.96811238e-08,-2.84919702e-06,-6.24702238e-07,1.44937858e-05
9.98351908e-08,-2.32679236e-06,2.42440933e-07,9.92655077e-06
9.99892578e-08,-1.10645908e-06,8.03274872e-07,1.30968249e-06
