Time (s),Total E x (V/m),Total E y (V/m),Total E z (V/m)
0,0,0,0
1.54066648e-10,0,0,0
3.08133297e-10,0,0,0
4.62199973e-10,0,0,0
6.16266593e-10,0,0,0
7.70333297e-10,0,0,0
9.24399945e-10,0,0,0
1.07846654e-09,0,0,0
1.23253319e-09,0,0,0
1.38659983e-09,0,0,0
1.54066659e-09,0,0,0
1.69473324e-09,0,0,0
1.84879989e-09,0,0,0
2.00286654e-09,0,0,0
2.15693308e-09,0,0,0
2.31099984e-09,0,0,0
2.46506637e-09,0,0,0
2.61913313e-09,0,0,0
2.77319967e-09,0,0,0
2.92726643e-09,0,0,0
3.08133319e-09,0,0,0
3.23539973e-09,0,0,0
3.38946649e-09,0,0,0
3.54353302e-09,0,0,0
3.69759978e-09,0,0,0
3.85166654e-09,0,0,0
4.00573308e-09,0,0,0
4.15979962e-09,0,0,0
4.31386615e-09,0,0,0
4.46793313e-09,0,0,0
4.62199967e-09,0,0,0
4.77606621e-09,0,0,0
4.93013275e-09,0,0,0
5.08419973e-09,0,0,0
5.23826627e-09,0,0,0
5.3923328e-09,0,0,0
5.54639934e-09,0,0,0
5.70046632e-09,0,0,0
5.85453286e-09,0,0,0
6.0085994e-09,0,0,0
6.16266638e-09,0,0,0
6.31673291e-09,0,0,0
6.47079945e-09,0,0,0
6.62486599e-09,0,0,0
6.77893297e-09,0,0,0
6.93299951e-09,0,0,0
7.08706605e-09,0,0,0
7.24113258e-09,0,0,0
7.39519956e-09,0,0,0
7.5492661e-09,0,0,0
7.70333308e-09,0,0,0
7.85739918e-09,0,0,0
8.01146616e-09,0,0,0
8.16553225e-09,0,0,0
8.31959923e-09,0,0,0
8.47366621e-09,0,0,0
8.62773231e-09,0,0,0
8.78179929e-09,0,0,0
8.93586627e-09,0,0,0
9.08993236e-09,0,0,0
9.24399934e-09,0,0,0
9.39806633e-09,0,0,0
9.55213242e-09,0,0,0
9.7061994e-09,0,0,0
9.86026549e-09,0,0,0
1.00143325e-08,0,0,0
1.01683995e-08,0,0,0
1.03224655e-08,0,0,0
1.04765325e-08,0,0,0
1.06305995e-08,0,0,0
1.07846656e-08,0,0,0
1.09387326e-08,0,0,0
1.10927987e-08,0,0,0
1.12468657e-08,0,0,0
1.14009326e-08,0,0,0
1.15549987e-08,0,0,0
1.17090657e-08,0,0,0
1.18631327e-08,0,0,0
1.20171988e-08,0,0,0
1.21712658e-08,0,0,0
1.23253328e-08,0,0,0
1.24793988e-08,0,0,0
1.26334658e-08,0,0,0
1.27875319e-08,0,0,0
1.29415989e-08,0,0,0
1.30956659e-08,0,0,0
1.3249732e-08,0,0,0
1.3403799e-08,0,0,0
1.35578659e-08,0,0,0
1.3711932e-08,0,0,0
1.3865999e-08,0,0,0
1.40200651e-08,0,0,0
1.41741321e-08,0,0,0
1.43281991e-08,0,0,0
1.44822652e-08,0,0,0
1.46363321e-08,0,0,0
1.47903991e-08,0,0,0
1.49444652e-08,0,0,0
1.50985322e-08,0,0,0
1.52525992e-08,0,0,0
1.54066662e-08,0,0,0
1.55607314e-08,0,0,0
1.57147984e-08,0,0,0
1.58688653e-08,0,0,0
1.60229323e-08,0,0,0
1.61769993e-08,0,0,0
1.63310645e-08,0,0,0
1.64851315e-08,0,0,0
1.66391985e-08,0,0,0
1.67932654e-08,0,0,0
1.69473324e-08,0,0,0
1.71013994e-08,0,0,0
1.72554646e-08,0,0,0
1.74095316e-08,0,0,0
1.75635986e-08,0,0,0
1.77176656e-08,0,0,0
1.78717325e-08,0,0,0
1.80257977e-08,0,0,0
1.81798647e-08,0,0,0
1.83339317e-08,0,0,0
1.84879987e-08,0,0,0
1.86420657e-08,0,0,0
1.87961327e-08,0,0,0
1.89501979e-08,0,0,0
1.91042648e-08,0,0,0
1.92583318e-08,0,0,0
1.94123988e-08,0,0,0
1.95664658e-08,0,0,0
1.9720531e-08,0,0,0
1.9874598e-08,0,0,0
2.00286649e-08,0,0,0
2.01827319e-08,0,0,0
2.03367989e-08,0,0,0
2.04908659e-08,0,0,0
2.06449311e-08,0,0,0
2.07989981e-08,0,0,0
2.09530651e-08,0,0,0
2.1107132e-08,0,0,0
2.1261199e-08,0,0,0
2.14152642e-08,0,0,0
2.15693312e-08,0,0,0
2.17233982e-08,0,0,0
2.18774652e-08,0,0,0
2.20315322e-08,0,0,0
2.21855974e-08,0,0,0
2.23396643e-08,0,0,0
2.24937313e-08,0,0,0
2.26477983e-08,0,0,0
2.28018653e-08,0,0,0
2.29559323e-08,0,0,0
2.31099975e-08,0,0,0
2.32640645e-08,0,0,0
2.34181314e-08,0,0,0
2.35721984e-08,0,0,0
2.37262654e-08,0,0,0
2.38803306e-08,0,0,0
2.40343976e-08,0,0,0
2.41884646e-08,0,0,0
2.43425315e-08,0,0,0
2.44965985e-08,0,0,0
2.46506655e-08,0,0,0
2.48047307e-08,0,0,0
2.49587977e-08,0,0,0
2.51128647e-08,0,0,0
2.52669317e-08,0,0,0
2.54209986e-08,0,0,0
2.55750638e-08,0,0,0
2.57291308e-08,0,0,0
2.58831978e-08,0,0,0
2.60372648e-08,0,0,0
2.61913318e-08,0,0,0
2.63453988e-08,0,0,0
2.6499464e-08,0,0,0
2.66535309e-08,0,0,0
2.68075979e-08,0,0,0
2.69616649e-08,0,0,0
2.71157319e-08,0,0,0
2.72697971e-08,0,0,0
2.74238641e-08,0,0,0
2.7577931e-08,0,0,0
2.7731998e-08,0,0,0
2.7886065e-08,0,0,0
2.80401302e-08,0,0,0
2.81941972e-08,0,0,0
2.83482642e-08,0,0,0
2.85023312e-08,0,0,0
2.86563981e-08,0,0,0
2.88104651e-08,0,0,0
2.89645303e-08,0,0,0
2.91185973e-08,0,0,0
2.92726643e-08,0,0,0
2.94267313e-08,0,0,0
2.95807983e-08,0,0,0
2.97348635e-08,0,0,0
2.98889304e-08,0,0,0
3.00429974e-08,0,0,0
3.01970644e-08,0,0,0
3.03511314e-08,0,0,0
3.05051984e-08,0,0,0
3.06592653e-08,0,0,0
3.08133323e-08,0,0,0
3.09673958e-08,0,0,0
3.11214627e-08,0,0,0
3.12755297e-08,0,0,0
3.14295967e-08,0,0,0
3.15836637e-08,0,0,0
3.17377307e-08,0,0,0
3.18917976e-08,0,0,0
3.20458646e-08,0,0,0
3.21999316e-08,0,0,0
3.23539986e-08,0,0,0
3.25080656e-08,0,0,0
3.2662129e-08,0,0,0
3.2816196e-08,0,0,0
3.2970263e-08,0,0,0
3.31243299e-08,0,0,0
3.32783969e-08,0,0,0
3.34324639e-08,0,0,0
3.35865309e-08,0,0,0
3.37405979e-08,0,0,0
3.38946649e-08,0,0,0
3.40487318e-08,0,0,0
3.42027988e-08,0,0,0
3.43568622e-08,0,0,0
3.45109292e-08,0,0,0
3.46649962e-08,0,0,0
3.48190632e-08,0,0,0
3.49731302e-08,0,0,0
3.51271972e-08,0,0,0
3.52812641e-08,0,0,0
3.54353311e-08,0,0,0
3.55893981e-08,0,0,0
3.57434651e-08,0,0,0
3.58975321e-08,0,0,0
3.60515955e-08,0,0,0
3.62056625e-08,0,0,0
3.63597294e-08,0,0,0
3.65137964e-08,0,0,0
3.66678634e-08,0,0,0
3.68219304e-08,0,0,0
3.69759974e-08,0,0,0
3.71300644e-08,0,0,0
3.72841313e-08,0,0,0
3.74381983e-08,0,0,0
3.75922653e-08,0,0,0
3.77463287e-08,0,0,0
3.79003957e-08,0,0,0
3.80544627e-08,0,0,0
3.82085297e-08,0,0,0
3.83625967e-08,0,0,0
3.85166636e-08,0,0,0
3.86707306e-08,0,0,0
3.88247976e-08,0,0,0
3.89788646e-08,0,0,0
3.91329316e-08,0,0,0
3.92869985e-08,0,0,0
3.9441062e-08,0,0,0
3.9595129e-08,0,0,0
3.97491959e-08,0,0,0
3.99032629e-08,0,0,0
4.00573299e-08,0,0,0
4.02113969e-08,0,0,0
4.03654639e-08,0,0,0
4.05195308e-08,0,0,0
4.06735978e-08,0,0,0
4.08276648e-08,0,0,0
4.09817318e-08,0,0,0
4.11357952e-08,0,0,0
4.12898622e-08,0,0,0
4.14439292e-08,0,0,-5.86363509e-36
4.15979962e-08,0,0,-3.98173319e-34
4.17520631e-08,0,3.18652849e-36,-6.59298782e-33
4.19061301e-08,-3.83410011e-35,4.95522412e-35,-1.00709515e-31
4.20601971e-08,-8.61373791e-34,6.60144403e-34,-1.46226908e-30
4.22142641e-08,-1.19212289e-32,8.89683185e-33,-2.01214194e-29
4.23683311e-08,-1.53736441e-31,1.13099601e-31,-2.62278268e-28
4.2522398e-08,-1.87688738e-30,1.3562694e-30,-3.23736536e-27
4.26764615e-08,-2.16756885e-29,1.53236601e-29,-3.78262379e-26
4.28305285e-08,-2.36688509e-28,1.62967076e-28,-4.18220131e-25
4.29845954e-08,-2.44283105e-27,1.62954781e-27,-4.37379432e-24
4.31386624e-08,-2.38207336e-26,1.53004426e-26,-4.32492644e-23
4.32927294e-08,-2.19381478e-25,1.34705432e-25,-4.04190543e-22
4.34467964e-08,-1.90719391e-24,1.10961648e-24,-3.56860257e-21
4.36008634e-08,-1.56467247e-23,8.52777729e-24,-2.97530469e-20
4.37549303e-08,-1.21092825e-22,6.10017745e-23,-2.34156272e-19
4.39089973e-08,-8.83795834e-22,4.03944469e-22,-1.73879279e-18
4.40630643e-08,-6.08146014e-21,2.46185268e-21,-1.21785926e-17
4.42171313e-08,-3.94451221e-20,1.36748804e-20,-8.0429001e-17
4.43711947e-08,-2.41163965e-19,6.81755799e-20,-5.00705263e-16
4.45252617e-08,-1.38987819e-18,2.94932049e-19,-2.93786601e-15
4.46793287e-08,-7.55420875e-18,1.02506486e-18,-1.6245748e-14
4.48333957e-08,-3.87343171e-17,2.07152309e-18,-8.46735605e-14
4.49874626e-08,-1.87525537e-16,-6.24523017e-18,-4.16080473e-13
4.51415296e-08,-8.58061369e-16,-1.05774516e-16,-1.92859379e-12
4.52955966e-08,-3.71572729e-15,-7.98538352e-16,-8.43821193e-12
4.54496636e-08,-1.52524596e-14,-4.66118504e-15,-3.48834087e-11
4.56037306e-08,-5.94394664e-14,-2.33362795e-14,-1.36410161e-10
4.57577976e-08,-2.20285175e-13,-1.04240171e-13,-5.05235187e-10
4.59118645e-08,-7.77773516e-13,-4.23556969e-13,-1.77472226e-09
4.6065928e-08,-2.61967249e-12,-1.5835845e-12,-5.91937699e-09
4.62199949e-08,-8.4261851e-12,-5.49255259e-12,-1.87640321e-08
4.63740619e-08,-2.59034513e-11,-1.77398322e-11,-5.65574716e-08
4.65281289e-08,-7.61236491e-11,-5.34596985e-11,-1.62086096e-07
4.66821959e-08,-2.13865509e-10,-1.50158733e-10,-4.41396054e-07
4.68362629e-08,-5.74320369e-10,-3.91428001e-10,-1.14089039e-06
4.69903298e-08,-1.47356038e-09,-9.39366473e-10,-2.79446476e-06
4.71443968e-08,-3.60910146e-09,-2.04177697e-09,-6.47331126e-06
4.72984638e-08,-8.42982129e-09,-3.90035959e-09,-1.41479431e-05
4.74525308e-08,-1.87472775e-08,-6.09721784e-09,-2.90915723e-05
4.76065978e-08,-3.9614811e-08,-5.95101524e-09,-5.60848021e-05
4.77606612e-08,-7.93198751e-08,5.16057419e-09,-0.000100930876
4.79147282e-08,-1.49958268e-07,4.85960356e-08,-0.0001685717
4.80687952e-08,-2.66394693e-07,1.68343732e-07,-0.000259186054
4.82228621e-08,-4.41794839e-07,4.40825374e-07,-0.000362448482
4.83769291e-08,-6.77463731e-07,9.75870762e-07,-0.00045186613
4.85309961e-08,-9.46574232e-07,1.89148489e-06,-0.000483351556
4.86850631e-08,-1.17450202e-06,3.24495272e-06,-0.000403405778
4.88391301e-08,-1.2266371e-06,4.91169521e-06,-0.000170143234
4.89931971e-08,-9.20648915e-07,6.44064039e-06,0.000216609551
4.9147264e-08,-8.16164913e-08,6.96678717e-06,0.000689918001
4.9301331e-08,1.35647315e-06,5.30396073e-06,0.00111527601
4.94553944e-08,3.22952747e-06,3.23710879e-07,0.00132963341
4.96094614e-08,5.07160667e-06,-8.39417589e-06,0.00121348526
4.97635284e-08,6.17520709e-06,-1.98577345e-05,0.000762600452
4.99175954e-08,5.83077235e-06,-3.13054261e-05,0.000113224203
5.00716624e-08,3.68890778e-06,-3.85949825e-05,-0.000506803684
5.02257294e-08,6.95690119e-08,-3.74672818e-05,-0.000883216911
5.03797963e-08,-4.00304407e-06,-2.53395665e-05,-0.000917299418
5.05338633e-08,-7.15409669e-06,-2.87670696e-06,-0.000662369188
5.06879303e-08,-8.28352222e-06,2.54751994e-05,-0.000275891391
5.08419973e-08,-7.12990732e-06,5.24190764e-05,7.42571938e-05
5.09960643e-08,-4.40945223e-06,6.99920274e-05,0.000285546441
5.11501277e-08,-1.40454631e-06,7.22285913e-05,0.000339465216
5.13041947e-08,7.61079264e-07,5.73142061e-05,0.000272168516
5.14582617e-08,1.69947305e-06,2.84634407e-05,0.000134770031
5.16123286e-08,1.81437019e-06,-6.81539723e-06,-2.78022289e-05
5.17663956e-08,1.8360829e-06,-3.89014931e-05,-0.000178041548
5.19204626e-08,2.20284142e-06,-5.91112512e-05,-0.000282733614
5.20745296e-08,2.74908325e-06,-6.26814435e-05,-0.000316916616
5.22285966e-08,2.8992265e-06,-5.05316748e-05,-0.000273189362
5.23826635e-08,2.16979697e-06,-2.88228512e-05,-0.000167394537
5.25367305e-08,5.72371164e-07,-6.18112699e-06,-3.44217333e-05
5.26907975e-08,-1.342225e-06,1.02241074e-05,8.48882701e-05
5.28448609e-08,-2.75098364e-06,1.76259273e-05,0.000159149335
5.29989279e-08,-2.90537423e-06,1.79226536e-05,0.000176461675
5.31529949e-08,-1.4082384e-06,1.52854082e-05,0.000144847028
5.33070619e-08,1.56589192e-06,1.29683558e-05,8.46703042e-05
5.34611289e-08,5.09919619e-06,1.15718803e-05,1.87060432e-05
5.36151958e-08,7.59664272e-06,9.68381846e-06,-3.50299852e-05
5.37692628e-08,7.3422143e-06,5.93706773e-06,-6.62485181e-05
5.39233298e-08,3.49318884e-06,6.25021016e-07,-7.25977734e-05
5.40773968e-08,-3.04757327e-06,-4.32430261e-06,-5.85540147e-05
5.42314638e-08,-9.64798983e-06,-6.77923117e-06,-3.3150267e-05
5.43855272e-08,-1.31577181e-05,-5.99427813e-06,-6.60051955e-06
5.45395942e-08,-1.17173267e-05,-3.16792375e-06,1.31330198e-05
5.46936612e-08,-5.9596282e-06,-6.40336452e-07,2.24981159e-05
5.48477281e-08,1.31299703e-06,-3.5524306e-07,2.26968368e-05
5.50017951e-08,6.81976417e-06,-2.63202537e-06,1.8368024e-05
5.51558621e-08,8.68259576e-06,-6.01268493e-06,1.49300049e-05
5.53099291e-08,7.21256401e-06,-8.20928381e-06,1.52864868e-05
5.54639961e-08,4.20592323e-06,-7.47342619e-06,1.76842386e-05
5.5618063e-08,1.48712434e-06,-3.49696938e-06,1.67613616e-05
5.577213e-08,-1.39889494e-07,2.60841171e-06,7.89535443e-06
5.5926197e-08,-9.19373178e-07,9.00191753e-06,-8.06878325e-06
5.60802604e-08,-1.45694764e-06,1.38481364e-05,-2.38750563e-05
5.62343274e-08,-2.07454968e-06,1.57138093e-05,-3.03089946e-05
5.63883944e-08,-2.66973916e-06,1.37719408e-05,-2.30319984e-05
5.65424614e-08,-2.95644554e-06,8.11346672e-06,-6.20187802e-06
5.66965284e-08,-2.70593705e-06,9.4625193e-08,1.03913426e-05
5.68505953e-08,-1.81030907e-06,-7.77326841e-06,1.84336423e-05
5.70046623e-08,-2.79759945e-07,-1.27358408e-05,1.6490565e-05
5.71587293e-08,1.70940143e-06,-1.31626894e-05,9.41149119e-06
5.73127963e-08,3.78692448e-06,-9.46716773e-06,3.02564672e-06
5.74668633e-08,5.50200184e-06,-3.85593967e-06,-6.22121092e-07
5.76209302e-08,6.51071605e-06,9.852115e-07,-3.53108976e-06
5.77749937e-08,6.62306957e-06,3.37748611e-06,-8.23885784e-06
5.79290607e-08,5.65176879e-06,3.30701482e-06,-1.44775277e-05
5.80831276e-08,3.31225874e-06,1.91488925e-06,-1.89017264e-05
5.82371946e-08,-5.52665597e-07,3.60309116e-07,-1.74893739e-05
5.83912616e-08,-5.50744107e-06,-9.55290488e-07,-8.34988441e-06
5.85453286e-08,-1.02675685e-05,-2.21880123e-06,6.81179608e-06
5.86993956e-08,-1.30472863e-05,-3.4055945e-06,2.29243542e-05
5.88534625e-08,-1.24172038e-05,-3.78297136e-06,3.32662457e-05
5.90075295e-08,-8.14081795e-06,-2.34269601e-06,3.23658605e-05
5.91615965e-08,-1.45028378e-06,1.13781766e-06,1.91121944e-05
5.93156635e-08,5.41441023e-06,5.42306543e-06,-1.82669896e-06
5.94697269e-08,1.01521237e-05,8.29569126e-06,-2.18265031e-05
5.96237939e-08,1.13590204e-05,7.96687891e-06,-3.28433416e-05
5.97778609e-08,9.04779336e-06,4.36049413e-06,-3.18019302e-05
5.99319279e-08,4.48788114e-06,-7.2747963e-07,-2.17849447e-05
6.00859948e-08,-5.1846763e-07,-4.73384534e-06,-9.30175702e-06
6.02400618e-08,-4.49421259e-06,-5.89054707e-06,1.11617169e-07
6.03941288e-08,-6.77855996e-06,-4.16366584e-06,4.74564649e-06
6.05481958e-08,-7.42503425e-06,-1.01586579e-06,6.44809961e-06
6.07022628e-08,-6.71662656e-06,1.68188808e-06,8.22687434e-06
6.08563298e-08,-4.76440891e-06,2.75606908e-06,1.19067809e-05
6.10103967e-08,-1.52941152e-06,2.1684375e-06,1.71802876e-05
6.11644637e-08,2.76930041e-06,6.9594364e-07,2.19497033e-05
6.13185307e-08,7.23517587e-06,-7.2094798e-07,2.32719012e-05
6.14725977e-08,1.02968752e-05,-1.47679725e-06,1.85829758e-05
6.16266647e-08,1.03227994e-05,-1.44881608e-06,7.17136572e-06
6.17807316e-08,6.61423746e-06,-8.87661884e-07,-8.61786793e-06
6.19347915e-08,1.72160753e-07,-2.23802246e-07,-2.34851213e-05
6.20888585e-08,-6.41024189e-06,1.39593652e-07,-3.12492411e-05
6.22429255e-08,-1.01270052e-05,1.45624242e-08,-2.81556404e-05
6.23969925e-08,-9.24960386e-06,-4.6822484e-07,-1.53824985e-05
6.25510594e-08,-4.43541194e-06,-9.39259394e-07,1.18859361e-06
6.27051264e-08,1.59454896e-06,-1.0360709e-06,1.41597347e-05
6.28591934e-08,5.6931276e-06,-6.40668475e-07,1.88074519e-05
6.30132604e-08,6.14893088e-06,7.78246871e-08,1.54055306e-05
6.31673274e-08,3.51968652e-06,8.35223886e-07,8.14054965e-06
6.33213944e-08,-2.51128256e-08,1.43589432e-06,1.63588197e-06
6.34754613e-08,-2.23950883e-06,1.82067572e-06,-2.08910569e-06
6.36295283e-08,-2.10533176e-06,1.95079201e-06,-4.03418471e-06
6.37835953e-08,-1.55027976e-07,1.70794453e-06,-6.1497276e-06
6.39376623e-08,2.14898569e-06,9.63692287e-07,-8.965505e-06
6.40917293e-08,3.38901123e-06,-2.27852524e-07,-1.10199817e-05
6.42457962e-08,2.89711807e-06,-1.51661993e-06,-1.03431421e-05
6.43998632e-08,9.18641035e-07,-2.3771006e-06,-6.40372537e-06
6.45539302e-08,-1.67704241e-06,-2.40230884e-06,-7.05101343e-07
6.47079972e-08,-3.87204909e-06,-1.55065675e-06,4.36874552e-06
6.48620642e-08,-4.91403034e-06,-1.62044074e-07,7.24668507e-06
6.50161311e-08,-4.54559768e-06,1.227653e-06,7.90419654e-06
6.51701981e-08,-3.01892828e-06,2.12876034e-06,7.21815923e-06
6.5324258e-08,-9.473207e-07,2.24913447e-06,5.89387946e-06
6.5478325e-08,9.36177628e-07,1.54309964e-06,4.10762232e-06
6.5632392e-08,2.0262753e-06,2.04043232e-07,2.05920787e-06
6.57864589e-08,2.03058789e-06,-1.37014558e-06,5.59147168e-07
6.59405259e-08,1.04952733e-06,-2.67127234e-06,7.95670701e-07
6.60945929e-08,-4.71841787e-07,-3.23830773e-06,3.2953883e-06
6.62486599e-08,-1.903976e-06,-2.81517464e-06,7.01474482e-06
6.64027269e-08,-2.65437347e-06,-1.44201113e-06,9.51047787e-06
6.65567939e-08,-2.36994651e-06,5.52493702e-07,8.29485816e-06
6.67108608e-08,-1.04235608e-06,2.61966534e-06,2.50094058e-06
6.68649278e-08,9.98863925e-07,4.10595339e-06,-6.34737353e-06
6.70189948e-08,3.17941976e-06,4.43815952e-06,-1.50421456e-05
6.71730618e-08,4.83123222e-06,3.3748322e-06,-2.0351581e-05
6.73271288e-08,5.40149904e-06,1.20226434e-06,-2.04805037e-05
6.74811957e-08,4.6899886e-06,-1.30034584e-06,-1.55086673e-05
6.76352627e-08,2.99630574e-06,-3.19135847e-06,-6.91965624e-06
6.77893297e-08,1.01889134e-06,-3.82556891e-06,3.09487996e-06
6.79433967e-08,-5.21310199e-07,-3.1587324e-06,1.21080693e-05
6.80974637e-08,-1.31891818e-06,-1.70732437e-06,1.78037299e-05
6.82515306e-08,-1.64074231e-06,-2.12229097e-07,1.8497718e-05
6.84055976e-08,-2.03281229e-06,7.64809897e-07,1.38120586e-05
6.85596646e-08,-2.78154789e-06,1.07547578e-06,5.08791436e-06
6.87137245e-08,-3.58255625e-06,9.53831432e-07,-4.85489545e-06
6.88677915e-08,-3.73461967e-06,7.73451234e-07,-1.26578479e-05
6.90218585e-08,-2.73941873e-06,7.70483041e-07,-1.56725746e-05
6.91759254e-08,-8.13219117e-07,9.06655771e-07,-1.29625942e-05
6.93299924e-08,1.13421345e-06,9.47706667e-07,-5.60866374e-06
6.94840594e-08,2.07910989e-06,6.84769475e-07,3.74277101e-06
6.96381264e-08,1.59537035e-06,1.18601896e-07,1.18057205e-05
6.97921934e-08,1.627334e-07,-5.27289217e-07,1.56592268e-05
6.99462603e-08,-1.15479713e-06,-9.6322367e-07,1.36200588e-05
7.01003273e-08,-1.42383783e-06,-1.02971069e-06,5.91781372e-06
7.02543943e-08,-4.47796367e-07,-7.85216855e-07,-5.03994761e-06
7.04084613e-08,1.14886302e-06,-4.31846843e-07,-1.52051325e-05
7.05625283e-08,2.38931216e-06,-1.5290496e-07,-2.03866239e-05
7.07165952e-08,2.60926572e-06,2.89224555e-09,-1.82149761e-05
7.08706622e-08,1.83761813e-06,1.1051381e-07,-9.45848114e-06
7.10247292e-08,6.46580474e-07,2.59371973e-07,2.22540712e-06
7.11787962e-08,-3.54962253e-07,4.51188299e-07,1.21034673e-05
7.13328632e-08,-9.39058964e-07,5.99296186e-07,1.67037688e-05
7.14869302e-08,-1.26134978e-06,6.20450919e-07,1.5300544e-05
7.16409971e-08,-1.51357062e-06,5.25028724e-07,9.76975662e-06
7.17950641e-08,-1.60315221e-06,4.07748104e-07,3.12736074e-06
7.1949124e-08,-1.18612206e-06,3.42409777e-07,-2.17208594e-06
7.2103191e-08,-2.1492184e-08,2.8135446e-07,-5.13200939e-06
7.2257258e-08,1.6928193e-06,6.64728432e-08,-6.00715566e-06
7.24113249e-08,3.31830847e-06,-4.29378133e-07,-5.48590424e-06
7.25653919e-08,4.12409281e-06,-1.13732074e-06,-4.0364007e-06
7.27194589e-08,3.69268992e-06,-1.75162688e-06,-1.81400799e-06
7.28735259e-08,2.08910978e-06,-1.87212265e-06,1.01214425e-06
7.30275929e-08,-2.62059416e-07,-1.25550071e-06,3.98945076e-06
7.31816598e-08,-2.79383039e-06,-3.92432753e-09,6.51081518e-06
7.33357268e-08,-4.91264882e-06,1.44091871e-06,8.24286053e-06
7.34897938e-08,-6.03005446e-06,2.49901427e-06,9.3964909e-06
7.36438608e-08,-5.68699716e-06,2.73381352e-06,1.04164574e-05
7.37979278e-08,-3.84255236e-06,2.05248693e-06,1.12107164e-05
7.39519948e-08,-1.1101348e-06,7.32264084e-07,1.06273392e-05
7.41060617e-08,1.39646386e-06,-7.26780513e-07,6.90320394e-06
7.42601287e-08,2.68678423e-06,-1.83106886e-06,-9.81761673e-07
7.44141957e-08,2.59020885e-06,-2.2878819e-06,-1.20495006e-05
7.45682627e-08,1.9234194e-06,-2.08170854e-06,-2.32878137e-05
7.47223297e-08,1.87438036e-06,-1.41521843e-06,-3.10313117e-05
7.48763966e-08,3.02016724e-06,-5.67064205e-07,-3.27752641e-05
7.50304636e-08,4.76828336e-06,2.35895683e-07,-2.81317043e-05
7.51845306e-08,5.72044564e-06,8.62141576e-07,-1.8475801e-05
7.53385905e-08,4.70834311e-06,1.23836105e-06,-5.91462867e-06
7.54926575e-08,1.70640783e-06,1.30783735e-06,7.43475448e-06
7.56467244e-08,-2.07161816e-06,1.05151844e-06,1.94963377e-05
7.58007914e-08,-4.95304312e-06,5.55933809e-07,2.80908898e-05
7.59548584e-08,-5.87269278e-06,3.46387417e-08,3.12507473e-05
7.61089254e-08,-4.963028e-06,-2.66154842e-07,2.80470467e-05
7.62629924e-08,-3.29213776e-06,-2.29322993e-07,1.9313944e-05
7.64170593e-08,-2.00333284e-06,3.94141892e-08,7.61293086e-06
7.65711263e-08,-1.52528855e-06,2.75883195e-07,-3.64251264e-06
7.67251933e-08,-1.42056047e-06,2.39936412e-07,-1.13743499e-05
7.68792603e-08,-9.22588526e-07,-1.24069572e-07,-1.37387997e-05
7.70333273e-08,3.17559397e-07,-6.56170016e-07,-1.04978062e-05
7.71873943e-08,1.8814784e-06,-1.07655387e-06,-2.98068426e-06
7.73414612e-08,2.88376123e-06,-1.13773524e-06,6.2009799e-06
7.74955282e-08,2.65199105e-06,-7.48461446e-07,1.36783201e-05
7.76495952e-08,1.24490498e-06,-2.65703264e-08,1.62072374e-05
7.78036622e-08,-5.57402814e-07,7.39120765e-07,1.18622847e-05
7.79577292e-08,-1.73368574e-06,1.21188373e-06,1.11449151e-06
7.81117961e-08,-1.6000929e-06,1.16828892e-06,-1.28714228e-05
7.82658631e-08,-1.28455497e-07,6.12035535e-07,-2.51920537e-05
7.84199301e-08,2.09652035e-06,-2.28087799e-07,-3.12078228e-05
7.85739971e-08,4.15315799e-06,-1.0147055e-06,-2.86238574e-05
7.8728057e-08,5.12214683e-06,-1.45834895e-06,-1.84873425e-05
7.88821239e-08,4.40414851e-06,-1.42743909e-06,-4.55372492e-06
7.90361909e-08,1.97295276e-06,-9.62020522e-07,8.51367622e-06
7.91902579e-08,-1.5242299e-06,-2.14454644e-07,1.70386065e-05
7.93443249e-08,-4.92779373e-06,6.29457929e-07,1.94118693e-05
7.94983919e-08,-6.99742168e-06,1.39726058e-06,1.61507305e-05
7.96524589e-08,-6.93927132e-06,1.93452183e-06,9.31079558e-06
7.98065258e-08,-4.75753495e-06,2.0917098e-06,1.7187316e-06
7.99605928e-08,-1.24103428e-06,1.75107346e-06,-3.79378366e-06
8.01146598e-08,2.39741757e-06,9.07203457e-07,-5.18021352e-06
8.02687268e-08,5.03087449e-06,-2.43456924e-07,-1.95381767e-06
8.04227938e-08,6.02218506e-06,-1.3115025e-06,4.39122869e-06
8.05768607e-08,5.35642084e-06,-1.87835155e-06,1.07317592e-05
8.07309277e-08,3.49848847e-06,-1.73829301e-06,1.35483087e-05
8.08849947e-08,1.11136251e-06,-1.04845333e-06,1.05836989e-05
8.10390617e-08,-1.18753633e-06,-2.44421386e-07,2.07525181e-06
8.11931287e-08,-2.93415724e-06,2.36774781e-07,-9.14623342e-06
8.13471956e-08,-3.82230473e-06,2.31157486e-07,-1.88111353e-05
8.15012626e-08,-3.71634928e-06,-7.65479768e-08,-2.30571204e-05
8.16553296e-08,-2.72911348e-06,-3.18617282e-07,-2.00537543e-05
8.18093966e-08,-1.28774457e-06,-2.11852978e-07,-1.06507241e-05
8.19634636e-08,-3.60045505e-08,2.5826435e-07,2.13175053e-06
8.21175234e-08,4.8620808e-07,8.42272584e-07,1.43357156e-05
8.22715904e-08,2.17421047e-07,1.19283652e-06,2.23485677e-05
8.24256574e-08,-3.06804537e-07,1.07108031e-06,2.38273969e-05
8.25797244e-08,-2.73914196e-07,4.70534076e-07,1.82527601e-05
8.27337914e-08,8.0700471e-07,-3.8747757e-07,7.20379194e-06
8.28878584e-08,2.66216739e-06,-1.1702798e-06,-5.81950735e-06
8.30419253e-08,4.3408827e-06,-1.58102819e-06,-1.63662171e-05
8.31959923e-08,4.8120869e-06,-1.4695263e-06,-2.07369958e-05
8.33500593e-08,3.65417372e-06,-8.70051679e-07,-1.766274e-05
8.35041263e-08,1.34157813e-06,2.73465091e-08,-8.92409116e-06
8.36581933e-08,-1.0699365e-06,9.41229359e-07,1.55838006e-06
8.38122602e-08,-2.61963669e-06,1.58001581e-06,9.62383092e-06
8.39663272e-08,-3.00031979e-06,1.73149692e-06,1.26509776e-05
8.41203942e-08,-2.63651668e-06,1.34243828e-06,1.03728953e-05
8.42744612e-08,-2.27122655e-06,5.56027828e-07,4.57543001e-06
8.44285282e-08,-2.38702341e-06,-3.30038574e-07,-1.92636298e-06
8.45825952e-08,-2.8694385e-06,-9.86109399e-07,-6.52140716e-06
8.47366621e-08,-3.1294685e-06,-1.19539095e-06,-7.80186201e-06
8.48907291e-08,-2.56991734e-06,-9.39623419e-07,-5.97598955e-06
8.50447961e-08,-1.06239145e-06,-3.8290375e-07,-2.54136694e-06
8.51988631e-08,9.02095735e-07,2.23796633e-07,5.99385487e-07
8.5352923e-08,2.50043718e-06,6.4836388e-07,2.09755035e-06
8.55069899e-08,3.11523331e-06,7.44738372e-07,1.70408453e-06
8.56610569e-08,2.74872514e-06,4.80818755e-07,2.0352779e-07
8.58151239e-08,1.99934766e-06,-5.93956742e-08,-1.09102791e-06
8.59691909e-08,1.5914386e-06,-6.85774808e-07,-9.85298698e-07
8.61232579e-08,1.80248094e-06,-1.14248326e-06,1.0347693e-06
8.62773248e-08,2.24161636e-06,-1.195918e-06,4.4843905e-06
8.64313918e-08,2.17568618e-06,-7.4856888e-07,7.95329561e-06
8.65854588e-08,1.14713737e-06,7.85689522e-08,9.68900167e-06
8.67395258e-08,-6.16911279e-07,9.62263812e-07,8.51332879e-06
8.68935928e-08,-2.33143373e-06,1.51448546e-06,4.56883618e-06
8.70476597e-08,-3.19138144e-06,1.48507843e-06,-6.68412156e-07
8.72017267e-08,-2.88941715e-06,9.09072412e-07,-5.2130772e-06
8.73557937e-08,-1.74511149e-06,9.41794127e-08,-7.70585848e-06
8.75098607e-08,-4.19594187e-07,-5.60423587e-07,-8.04132378e-06
8.76639277e-08,5.1867454e-07,-8.01946157e-07,-7.06898072e-06
8.78179947e-08,8.73448812e-07,-6.57532382e-07,-5.70256771e-06
8.79720616e-08,8.17226748e-07,-3.75110801e-07,-4.22210314e-06
8.81261286e-08,6.71498981e-07,-2.23222841e-07,-2.29581997e-06
8.82801956e-08,6.46771696e-07,-2.9845134e-07,4.09898405e-07
8.84342626e-08,6.96503662e-07,-4.75706031e-07,3.64149446e-06
8.85883296e-08,5.7145337e-07,-5.23162726e-07,6.46600438e-06
8.87423894e-08,4.53691769e-08,-2.85330998e-07,7.69872076e-06
8.88964564e-08,-8.37914286e-07,1.96884471e-07,6.52437166e-06
8.90505234e-08,-1.69550424e-06,7.06421588e-07,2.96613553e-06
8.92045904e-08,-2.01359649e-06,9.87683848e-07,-1.99168812e-06
8.93586574e-08,-1.51671213e-06,9.02740339e-07,-6.69551628e-06
8.95127243e-08,-4.13876819e-07,5.05852654e-07,-9.46922228e-06
8.96667913e-08,7.06170226e-07,-3.54369689e-09,-9.36952711e-06
8.98208583e-08,1.27414683e-06,-4.07009594e-07,-6.62898447e-06
8.99749253e-08,1.12537361e-06,-5.82835469e-07,-2.47398248e-06
9.01289923e-08,5.52225174e-07,-5.38911593e-07,1.58985506e-06
9.02830593e-08,-8.96674379e-09,-3.64230885e-07,4.51881851e-06
9.04371262e-08,-3.71926205e-07,-1.53243349e-07,5.98226552e-06
9.05911932e-08,-7.18774857e-07,3.3106712e-08,6.07976699e-06
9.07452602e-08,-1.33114577e-06,1.61419408e-07,4.96871098e-06
9.08993272e-08,-2.1779681e-06,2.09671668e-07,2.85792908e-06
9.10533942e-08,-2.75167736e-06,1.75561837e-07,2.99722132e-07
9.12074611e-08,-2.35578909e-06,9.57182493e-08,-1.73808417e-06
9.13615281e-08,-6.59371267e-07,3.7509043e-08,-2.37885024e-06
9.15155951e-08,1.91902882e-06,5.17842018e-08,-1.57832403e-06
9.16696621e-08,4.33194464e-06,1.23215017e-07,-3.08662834e-07
9.18237291e-08,5.48160051e-06,1.67789693e-07,2.16930999e-07
9.1977796e-08,4.86408589e-06,9.61120747e-08,-2.84440432e-07
9.21318559e-08,2.83853774e-06,-1.07581371e-07,-6.91975117e-07
9.22859229e-08,3.70414284e-07,-3.55801745e-07,6.9850887e-07
9.24399899e-08,-1.53594033e-06,-5.06789888e-07,4.61500395e-06
9.25940569e-08,-2.32694242e-06,-4.52160975e-07,9.78741627e-06
9.27481238e-08,-2.03917671e-06,-1.82214933e-07,1.33923759e-05
9.29021908e-08,-1.08551103e-06,2.06560699e-07,1.27557032e-05
9.30562578e-08,8.17632042e-08,5.57849262e-07,7.13489999e-06
9.32103248e-08,1.16416163e-06,7.16358841e-07,-1.65198026e-06
9.33643918e-08,1.95550865e-06,5.79442883e-07,-1.01670621e-05
9.35184588e-08,2.16075091e-06,1.34452165e-07,-1.52318607e-05
9.36725257e-08,1.37002849e-06,-5.15699014e-07,-1.55558555e-05
9.38265927e-08,-6.53612403e-07,-1.15099806e-06,-1.21783605e-05
9.39806597e-08,-3.53829546e-06,-1.48448726e-06,-7.58959504e-06
9.41347267e-08,-6.14665805e-06,-1.27588032e-06,-4.19109301e-06
9.42887937e-08,-7.01922818e-06,-4.75327425e-07,-3.04531977e-06
9.44428606e-08,-5.25823316e-06,6.88740556e-07,-3.54626923e-06
9.45969276e-08,-1.24185374e-06,1.76851836e-06,-4.04179582e-06
9.47509946e-08,3.42458111e-06,2.30667297e-06,-2.92817117e-06
9.49050616e-08,6.77438857e-06,2.08162487e-06,4.11700853e-07
9.50591286e-08,7.57955422e-06,1.22609958e-06,5.29093813e-06
9.52131956e-08,5.93394589e-06,1.29909779e-07,1.01335954e-05
9.53672554e-08,2.99087446e-06,-7.93378035e-07,1.33209696e-05
9.55213224e-08,1.52574586e-07,-1.30976582e-06,1.39456988e-05
9.56753894e-08,-1.68038071e-06,-1.41177327e-06,1.20493241e-05
9.58294564e-08,-2.3689995e-06,-1.220022e-06,8.31367561e-06
9.59835234e-08,-2.31486638e-06,-8.60519265e-07,3.5787541e-06
9.61375903e-08,-2.05688389e-06,-4.1565707e-07,-1.40898453e-06
9.62916573e-08,-1.971149e-06,4.80145594e-08,-5.93289087e-06
9.64457243e-08,-2.16601575e-06,4.45169491e-07,-9.19980812e-06
9.65997913e-08,-2.5078632e-06,6.83812345e-07,-1.04724732e-05
9.67538583e-08,-2.7062199e-06,7.1087328e-07,-9.42555016e-06
9.69079252e-08,-2.44119792e-06,5.39193707e-07,-6.43305475e-06
9.70619922e-08,-1.53055271e-06,2.30372365e-07,-2.51686083e-06
9.72160592e-08,-7.30332061e-08,-1.39152604e-07,1.04129299e-06
9.73701262e-08,1.53177257e-06,-4.92522588e-07,3.208414e-06
9.75241932e-08,2.73965452e-06,-7.44551414e-07,3.58782404e-06
9.76782601e-08,3.13083797e-06,-8.05830609e-07,2.5532745e-06
9.78323271e-08,2.64041773e-06,-6.20166816e-07,1.07792891e-06
9.79863941e-08,1.60702143e-06,-2.18838892e-07,2.80567576e-07
9.81404611e-08,5.96855728e-07,2.6116038e-07,8.28594409e-07
9.82945281e-08,9.15864788e-08,6.24530969e-07,2.50925382e-06
9.84485951e-08,2.16396813e-07,7.1349973e-07,4.28012572e-06
9.8602662e-08,6.66653023e-07,4.94652795e-07,4.85167993e-06
9.87567219e-08,8.83552332e-07,8.52861746e-08,3.47635159e-06
9.89107889e-08,3.91763024e-07,-3.08046197e-07,4.39191467e-07
9.90648559e-08,-8.77987134e-07,-5.01664545e-07,-3.06018615e-06
9.92189229e-08,-2.46639866e-06,-4.35108149e-07,-5.53092696e-06
9.93729898e-08,-3.56624855e-06,-1.88811939e-07,-5.90997524e-06
9.95270568e-08,-3.4433674e-06,8.91509018e-08,-3.99936653e-06
9.96811238e-08,-1.87360854e-06,2.8614329e-07,-5.00911028e-07
9.98351908e-08,6.77230901e-07,3.76778985e-07,3.23722747e-06
9.99892578e-08,3.25569454e-06,3.92181079e-07,5.62511514e-06
